1 2
1 21
1 34
1 36
1 39
1 50
1 54
1 72
1 82
1 85
1 95
1 97
1 105
1 126
1 128
1 142
1 156
1 158
1 189
1 203
1 208
1 209
1 212
1 229
1 230
1 236
1 256
1 259
1 271
1 275
1 276
1 330
1 352
1 362
1 365
1 390
1 391
1 409
1 425
1 433
1 438
1 447
1 460
1 469
1 479
1 499
2 13
2 22
2 33
2 43
2 52
2 56
2 57
2 65
2 71
2 78
2 91
2 93
2 97
2 101
2 108
2 117
2 118
2 136
2 167
2 168
2 171
2 200
2 204
2 207
2 216
2 239
2 242
2 266
2 268
2 273
2 277
2 297
2 299
2 302
2 310
2 313
2 315
2 325
2 332
2 345
2 346
2 350
2 362
2 376
2 418
2 422
2 429
2 488
2 491
2 499
3 5
3 8
3 32
3 48
3 51
3 59
3 102
3 103
3 104
3 117
3 137
3 142
3 162
3 168
3 188
3 198
3 205
3 207
3 215
3 243
3 260
3 273
3 275
3 284
3 300
3 302
3 306
3 321
3 327
3 345
3 346
3 355
3 361
3 363
3 367
3 369
3 379
3 386
3 410
3 414
3 421
3 436
3 448
3 471
3 479
3 482
3 483
3 490
3 498
4 8
4 9
4 17
4 25
4 35
4 36
4 42
4 50
4 59
4 86
4 91
4 101
4 103
4 104
4 148
4 175
4 200
4 201
4 209
4 219
4 223
4 228
4 233
4 236
4 274
4 289
4 297
4 303
4 341
4 343
4 352
4 359
4 364
4 366
4 395
4 407
4 425
4 432
4 433
4 450
4 453
4 461
4 463
4 473
4 474
4 476
4 498
5 9
5 13
5 21
5 40
5 54
5 72
5 80
5 84
5 90
5 109
5 114
5 117
5 123
5 126
5 141
5 155
5 158
5 169
5 184
5 185
5 190
5 196
5 215
5 224
5 242
5 248
5 260
5 262
5 269
5 275
5 285
5 297
5 304
5 311
5 319
5 334
5 337
5 344
5 346
5 351
5 355
5 360
5 361
5 369
5 389
5 397
5 422
5 465
5 473
5 495
6 22
6 24
6 32
6 40
6 41
6 45
6 54
6 59
6 61
6 63
6 64
6 71
6 74
6 88
6 91
6 92
6 97
6 116
6 117
6 119
6 122
6 154
6 157
6 171
6 177
6 184
6 197
6 198
6 204
6 218
6 222
6 228
6 241
6 242
6 244
6 259
6 267
6 281
6 283
6 290
6 295
6 299
6 305
6 313
6 323
6 366
6 384
6 389
6 399
6 415
6 421
6 423
6 424
6 426
6 483
6 491
6 498
7 14
7 24
7 32
7 36
7 40
7 43
7 46
7 50
7 53
7 65
7 114
7 121
7 128
7 132
7 134
7 136
7 139
7 151
7 182
7 184
7 188
7 195
7 199
7 203
7 223
7 228
7 233
7 247
7 249
7 251
7 258
7 279
7 280
7 284
7 290
7 309
7 310
7 325
7 326
7 328
7 362
7 370
7 374
7 395
7 403
7 412
7 414
7 418
7 459
7 467
7 478
7 489
8 15
8 19
8 20
8 34
8 65
8 83
8 84
8 89
8 90
8 98
8 109
8 115
8 145
8 161
8 162
8 172
8 181
8 203
8 207
8 210
8 213
8 216
8 227
8 229
8 231
8 235
8 242
8 256
8 258
8 270
8 290
8 292
8 295
8 324
8 334
8 346
8 347
8 358
8 360
8 361
8 369
8 376
8 385
8 397
8 398
8 402
8 423
8 431
8 443
8 483
9 14
9 23
9 29
9 30
9 44
9 49
9 78
9 80
9 91
9 98
9 102
9 105
9 109
9 118
9 128
9 129
9 134
9 149
9 164
9 167
9 169
9 171
9 183
9 204
9 209
9 225
9 228
9 251
9 252
9 254
9 268
9 271
9 278
9 282
9 287
9 293
9 302
9 310
9 311
9 313
9 314
9 318
9 328
9 329
9 331
9 340
9 347
9 361
9 362
9 365
9 369
9 381
9 383
9 386
9 391
9 396
9 399
9 408
9 412
9 414
9 420
9 437
9 439
9 440
9 445
9 451
9 455
9 489
9 492
9 494
9 498
10 20
10 24
10 35
10 39
10 84
10 87
10 97
10 106
10 114
10 115
10 139
10 150
10 161
10 170
10 171
10 175
10 179
10 189
10 202
10 205
10 244
10 257
10 261
10 272
10 284
10 286
10 289
10 292
10 309
10 314
10 317
10 318
10 385
10 395
10 399
10 427
10 428
10 429
10 433
10 435
10 436
10 439
10 441
10 449
10 462
10 479
11 20
11 27
11 36
11 55
11 61
11 67
11 72
11 96
11 108
11 114
11 122
11 123
11 128
11 134
11 143
11 146
11 156
11 160
11 161
11 180
11 181
11 198
11 233
11 236
11 251
11 294
11 348
11 350
11 351
11 372
11 381
11 382
11 395
11 410
11 412
11 420
11 424
11 436
11 443
11 456
11 457
11 461
11 474
11 483
11 499
12 15
12 47
12 62
12 64
12 67
12 68
12 78
12 81
12 95
12 96
12 99
12 104
12 111
12 115
12 121
12 130
12 135
12 138
12 146
12 184
12 189
12 211
12 215
12 228
12 229
12 232
12 268
12 269
12 274
12 283
12 285
12 311
12 333
12 345
12 351
12 359
12 363
12 371
12 399
12 402
12 407
12 412
12 417
12 422
12 431
12 449
12 464
12 468
12 471
12 495
13 16
13 24
13 25
13 27
13 34
13 41
13 42
13 62
13 92
13 94
13 101
13 103
13 108
13 114
13 124
13 143
13 153
13 157
13 165
13 166
13 174
13 176
13 201
13 225
13 234
13 241
13 247
13 253
13 260
13 269
13 306
13 328
13 370
13 378
13 391
13 393
13 396
13 399
13 402
13 407
13 409
13 417
13 427
13 452
13 482
13 487
14 22
14 28
14 35
14 52
14 55
14 63
14 73
14 75
14 82
14 101
14 103
14 116
14 118
14 136
14 150
14 173
14 177
14 192
14 198
14 207
14 236
14 274
14 280
14 313
14 325
14 328
14 329
14 337
14 342
14 347
14 371
14 427
14 454
14 459
14 467
14 468
14 469
14 473
14 482
15 48
15 56
15 58
15 72
15 74
15 75
15 85
15 86
15 105
15 109
15 115
15 124
15 125
15 137
15 160
15 173
15 186
15 200
15 203
15 228
15 231
15 244
15 246
15 273
15 283
15 284
15 295
15 304
15 313
15 336
15 347
15 353
15 369
15 372
15 385
15 388
15 428
15 440
15 467
15 476
15 481
15 487
15 488
16 20
16 26
16 34
16 51
16 71
16 94
16 102
16 104
16 134
16 138
16 157
16 166
16 184
16 192
16 193
16 194
16 201
16 210
16 231
16 246
16 255
16 257
16 266
16 304
16 315
16 320
16 322
16 323
16 324
16 331
16 332
16 337
16 345
16 364
16 406
16 413
16 475
16 476
16 478
16 489
17 21
17 38
17 48
17 49
17 63
17 64
17 65
17 66
17 76
17 91
17 110
17 113
17 124
17 151
17 154
17 155
17 159
17 161
17 172
17 174
17 180
17 223
17 225
17 227
17 232
17 245
17 246
17 248
17 277
17 291
17 297
17 305
17 317
17 327
17 340
17 346
17 380
17 389
17 390
17 398
17 400
17 403
17 417
17 422
17 427
17 432
17 440
17 441
17 449
17 459
17 460
17 468
17 479
17 493
18 22
18 23
18 27
18 30
18 37
18 44
18 58
18 67
18 74
18 89
18 90
18 91
18 93
18 97
18 101
18 102
18 108
18 109
18 114
18 140
18 162
18 170
18 175
18 178
18 179
18 189
18 192
18 204
18 206
18 215
18 216
18 221
18 225
18 233
18 234
18 251
18 272
18 276
18 293
18 302
18 310
18 315
18 321
18 350
18 352
18 360
18 363
18 382
18 395
18 408
18 413
18 415
18 417
18 427
18 438
18 457
18 458
18 468
18 471
18 484
18 493
18 499
19 22
19 30
19 33
19 44
19 50
19 59
19 72
19 77
19 88
19 96
19 97
19 99
19 109
19 115
19 119
19 123
19 124
19 129
19 142
19 189
19 194
19 209
19 210
19 211
19 228
19 229
19 233
19 234
19 264
19 266
19 289
19 295
19 300
19 306
19 315
19 321
19 322
19 337
19 339
19 341
19 342
19 343
19 344
19 366
19 373
19 385
19 388
19 401
19 407
19 423
19 430
19 448
19 461
20 23
20 36
20 38
20 48
20 58
20 92
20 95
20 104
20 116
20 123
20 128
20 138
20 148
20 149
20 166
20 174
20 190
20 212
20 239
20 243
20 276
20 309
20 312
20 329
20 334
20 346
20 365
20 366
20 372
20 383
20 390
20 397
20 411
20 420
20 430
20 439
20 454
20 465
20 479
20 491
20 494
20 498
21 36
21 40
21 44
21 67
21 71
21 82
21 90
21 104
21 132
21 183
21 200
21 238
21 243
21 256
21 287
21 289
21 303
21 310
21 339
21 349
21 370
21 383
21 395
21 397
21 407
21 428
21 437
21 442
21 461
21 466
21 478
21 493
22 36
22 38
22 41
22 52
22 59
22 63
22 85
22 88
22 92
22 93
22 98
22 114
22 128
22 131
22 137
22 143
22 157
22 165
22 169
22 171
22 173
22 183
22 186
22 195
22 203
22 216
22 218
22 223
22 232
22 264
22 276
22 284
22 289
22 293
22 307
22 310
22 314
22 325
22 329
22 345
22 407
22 414
22 417
22 422
22 431
22 436
22 441
22 452
22 454
22 471
22 474
22 480
22 490
22 494
22 499
23 46
23 49
23 51
23 75
23 100
23 119
23 125
23 133
23 139
23 147
23 151
23 170
23 174
23 177
23 202
23 205
23 214
23 215
23 228
23 235
23 244
23 264
23 271
23 274
23 278
23 287
23 297
23 312
23 316
23 320
23 340
23 400
23 425
23 436
23 437
23 444
23 446
23 449
23 461
23 463
23 469
23 477
23 478
23 487
23 488
23 492
24 28
24 34
24 37
24 59
24 60
24 67
24 69
24 75
24 78
24 79
24 80
24 95
24 101
24 115
24 136
24 142
24 155
24 163
24 168
24 173
24 203
24 218
24 223
24 235
24 259
24 264
24 266
24 268
24 269
24 272
24 273
24 275
24 276
24 305
24 308
24 340
24 347
24 358
24 360
24 371
24 386
24 397
24 403
24 405
24 433
24 447
24 448
24 458
24 476
24 489
24 491
24 495
25 36
25 42
25 53
25 69
25 80
25 91
25 106
25 114
25 128
25 140
25 146
25 147
25 162
25 165
25 181
25 189
25 204
25 215
25 229
25 244
25 247
25 257
25 262
25 269
25 287
25 297
25 311
25 314
25 326
25 333
25 364
25 378
25 382
25 391
25 399
25 400
25 404
25 426
25 440
25 459
25 468
25 472
25 493
26 45
26 66
26 89
26 109
26 110
26 129
26 130
26 131
26 132
26 145
26 150
26 152
26 195
26 209
26 214
26 215
26 224
26 236
26 245
26 249
26 250
26 261
26 284
26 286
26 288
26 301
26 305
26 308
26 314
26 317
26 341
26 342
26 349
26 370
26 375
26 379
26 381
26 385
26 386
26 394
26 396
26 403
26 411
26 434
26 437
26 451
26 453
26 481
26 495
26 499
27 39
27 60
27 71
27 74
27 83
27 92
27 95
27 117
27 130
27 153
27 155
27 169
27 171
27 206
27 242
27 284
27 294
27 325
27 341
27 343
27 344
27 346
27 347
27 354
27 364
27 368
27 372
27 402
27 405
27 418
27 424
27 435
27 436
27 438
27 439
27 469
27 493
27 494
28 46
28 55
28 69
28 87
28 92
28 97
28 107
28 123
28 126
28 136
28 138
28 140
28 147
28 158
28 160
28 162
28 168
28 189
28 194
28 206
28 214
28 215
28 216
28 226
28 233
28 260
28 270
28 275
28 276
28 288
28 289
28 300
28 332
28 371
28 383
28 394
28 403
28 418
28 425
28 435
28 440
28 447
28 453
28 460
28 463
29 30
29 35
29 44
29 51
29 81
29 117
29 123
29 124
29 127
29 153
29 158
29 161
29 176
29 213
29 233
29 234
29 266
29 269
29 271
29 275
29 276
29 278
29 305
29 310
29 321
29 332
29 333
29 335
29 344
29 362
29 365
29 371
29 372
29 378
29 389
29 405
29 423
29 429
29 457
29 463
29 469
29 474
29 476
29 478
29 494
30 35
30 47
30 75
30 89
30 92
30 102
30 108
30 128
30 146
30 150
30 156
30 208
30 216
30 220
30 240
30 249
30 255
30 261
30 275
30 280
30 286
30 293
30 300
30 322
30 328
30 350
30 352
30 353
30 380
30 400
30 403
30 405
30 406
30 409
30 411
30 413
30 455
30 487
31 32
31 48
31 78
31 81
31 90
31 133
31 137
31 143
31 149
31 152
31 160
31 171
31 172
31 178
31 193
31 217
31 225
31 281
31 287
31 295
31 305
31 335
31 361
31 369
31 384
31 389
31 392
31 393
31 414
31 426
31 442
31 455
31 471
31 480
31 488
31 490
32 37
32 43
32 53
32 63
32 87
32 88
32 98
32 99
32 104
32 109
32 111
32 120
32 126
32 127
32 144
32 148
32 166
32 172
32 182
32 183
32 213
32 215
32 218
32 228
32 249
32 255
32 256
32 261
32 265
32 269
32 278
32 293
32 323
32 339
32 342
32 353
32 355
32 372
32 380
32 384
32 389
32 391
32 404
32 421
32 423
32 430
32 432
32 437
32 454
32 455
32 462
32 496
33 43
33 49
33 52
33 57
33 64
33 75
33 85
33 123
33 127
33 133
33 137
33 139
33 161
33 165
33 188
33 196
33 205
33 207
33 224
33 225
33 228
33 230
33 246
33 248
33 255
33 266
33 267
33 277
33 280
33 334
33 335
33 340
33 358
33 370
33 400
33 416
33 427
33 430
33 442
33 445
33 455
33 459
33 460
33 472
33 480
33 485
33 488
33 492
33 498
34 35
34 39
34 59
34 78
34 82
34 86
34 98
34 119
34 125
34 135
34 148
34 162
34 167
34 168
34 188
34 207
34 210
34 225
34 269
34 290
34 296
34 297
34 307
34 309
34 318
34 336
34 340
34 345
34 352
34 365
34 379
34 382
34 385
34 400
34 402
34 411
34 429
34 430
34 446
34 448
34 453
34 464
34 481
34 489
34 491
34 492
35 72
35 89
35 90
35 98
35 107
35 125
35 130
35 151
35 176
35 178
35 188
35 200
35 208
35 217
35 233
35 235
35 236
35 291
35 303
35 313
35 319
35 320
35 333
35 337
35 347
35 364
35 366
35 377
35 378
35 398
35 403
35 410
35 418
35 426
35 442
35 454
35 455
35 464
35 473
35 490
35 491
36 42
36 48
36 57
36 58
36 67
36 84
36 89
36 91
36 98
36 110
36 111
36 113
36 132
36 138
36 158
36 182
36 186
36 199
36 215
36 237
36 239
36 241
36 271
36 276
36 277
36 286
36 287
36 292
36 308
36 317
36 341
36 406
36 438
36 451
36 452
36 453
36 460
36 469
36 471
36 472
36 494
37 53
37 58
37 60
37 68
37 87
37 111
37 128
37 130
37 147
37 152
37 153
37 171
37 176
37 186
37 195
37 198
37 205
37 216
37 217
37 229
37 232
37 238
37 240
37 245
37 256
37 262
37 273
37 279
37 280
37 286
37 289
37 297
37 300
37 301
37 310
37 312
37 339
37 347
37 351
37 357
37 362
37 366
37 373
37 385
37 391
37 413
37 433
37 445
37 453
37 464
37 470
37 479
37 481
37 486
38 40
38 42
38 52
38 70
38 81
38 100
38 107
38 120
38 125
38 130
38 160
38 173
38 191
38 193
38 209
38 211
38 214
38 236
38 279
38 297
38 302
38 303
38 312
38 313
38 328
38 333
38 334
38 338
38 352
38 354
38 357
38 358
38 367
38 373
38 382
38 407
38 428
38 431
38 439
38 446
38 452
38 463
38 471
38 492
39 51
39 53
39 71
39 77
39 81
39 83
39 84
39 90
39 93
39 100
39 102
39 123
39 146
39 157
39 160
39 176
39 185
39 192
39 202
39 204
39 255
39 259
39 282
39 292
39 294
39 300
39 302
39 312
39 337
39 339
39 340
39 346
39 348
39 353
39 377
39 402
39 410
39 418
39 437
39 468
39 479
39 492
40 41
40 45
40 48
40 54
40 62
40 65
40 81
40 111
40 123
40 131
40 132
40 137
40 143
40 176
40 187
40 219
40 224
40 243
40 246
40 252
40 258
40 261
40 264
40 265
40 277
40 284
40 288
40 289
40 290
40 297
40 315
40 316
40 333
40 335
40 348
40 388
40 390
40 397
40 436
40 438
40 448
40 449
40 453
40 454
40 464
40 471
40 474
40 493
40 494
41 56
41 58
41 76
41 98
41 114
41 117
41 124
41 151
41 152
41 177
41 187
41 188
41 195
41 204
41 209
41 225
41 230
41 235
41 243
41 266
41 271
41 297
41 325
41 340
41 343
41 347
41 357
41 358
41 381
41 387
41 389
41 401
41 403
41 406
41 426
41 436
41 440
41 457
41 462
42 54
42 59
42 67
42 70
42 82
42 87
42 99
42 117
42 132
42 162
42 167
42 174
42 188
42 191
42 206
42 212
42 221
42 229
42 235
42 239
42 240
42 259
42 260
42 264
42 276
42 295
42 302
42 306
42 326
42 331
42 337
42 339
42 340
42 341
42 347
42 348
42 363
42 364
42 369
42 375
42 404
42 421
42 445
42 448
42 457
42 491
42 492
42 496
42 499
43 49
43 51
43 63
43 81
43 101
43 117
43 122
43 133
43 154
43 158
43 178
43 180
43 187
43 191
43 217
43 220
43 227
43 228
43 234
43 238
43 246
43 282
43 302
43 310
43 314
43 322
43 324
43 352
43 382
43 431
43 444
43 473
43 475
43 479
43 487
44 50
44 52
44 54
44 69
44 92
44 93
44 108
44 111
44 113
44 114
44 120
44 126
44 154
44 184
44 194
44 195
44 197
44 203
44 205
44 207
44 209
44 217
44 224
44 256
44 263
44 267
44 275
44 295
44 306
44 310
44 315
44 318
44 322
44 339
44 340
44 346
44 364
44 367
44 389
44 399
44 407
44 416
44 420
44 427
44 428
44 445
44 447
44 450
44 456
44 480
44 489
45 46
45 66
45 85
45 86
45 87
45 89
45 92
45 93
45 95
45 103
45 112
45 118
45 126
45 127
45 133
45 149
45 150
45 161
45 187
45 192
45 200
45 201
45 202
45 211
45 225
45 243
45 255
45 259
45 260
45 263
45 273
45 301
45 302
45 303
45 304
45 306
45 313
45 318
45 322
45 324
45 351
45 379
45 383
45 391
45 400
45 402
45 404
45 417
45 459
45 461
45 475
45 492
45 498
46 50
46 56
46 65
46 93
46 107
46 124
46 145
46 160
46 191
46 202
46 215
46 216
46 236
46 258
46 274
46 280
46 289
46 292
46 318
46 330
46 340
46 346
46 353
46 357
46 397
46 404
46 411
46 433
46 440
46 451
46 452
46 453
46 454
46 461
46 467
46 472
46 499
47 100
47 121
47 123
47 124
47 130
47 139
47 155
47 165
47 169
47 175
47 181
47 191
47 200
47 224
47 246
47 267
47 290
47 292
47 298
47 313
47 317
47 323
47 326
47 359
47 362
47 375
47 380
47 386
47 391
47 404
47 406
47 423
47 428
47 429
47 436
47 440
47 445
47 446
47 454
47 469
47 479
47 482
47 498
48 56
48 58
48 92
48 97
48 98
48 110
48 128
48 130
48 149
48 183
48 194
48 199
48 229
48 233
48 239
48 242
48 260
48 272
48 278
48 280
48 307
48 311
48 318
48 330
48 340
48 358
48 362
48 365
48 368
48 376
48 381
48 387
48 394
48 401
48 402
48 419
48 422
48 427
48 429
48 434
48 444
48 445
48 448
48 457
48 467
48 483
49 51
49 53
49 73
49 79
49 80
49 82
49 91
49 95
49 97
49 102
49 104
49 108
49 125
49 146
49 154
49 168
49 174
49 192
49 209
49 232
49 255
49 261
49 271
49 277
49 281
49 283
49 285
49 295
49 332
49 337
49 364
49 376
49 377
49 401
49 412
49 424
49 430
49 432
49 442
49 443
49 453
49 464
49 491
49 493
50 54
50 59
50 62
50 74
50 79
50 81
50 102
50 111
50 114
50 130
50 154
50 173
50 182
50 210
50 216
50 222
50 238
50 245
50 250
50 257
50 264
50 271
50 277
50 284
50 285
50 295
50 298
50 309
50 353
50 366
50 370
50 374
50 375
50 388
50 409
50 414
50 423
50 424
50 429
50 437
50 454
50 465
50 473
50 498
51 61
51 66
51 72
51 93
51 145
51 155
51 159
51 160
51 179
51 183
51 200
51 201
51 202
51 209
51 212
51 214
51 215
51 228
51 245
51 247
51 249
51 265
51 273
51 300
51 353
51 360
51 377
51 378
51 380
51 390
51 399
51 404
51 409
51 411
51 417
51 421
51 422
51 446
51 455
51 460
51 469
51 484
51 488
51 499
52 98
52 104
52 115
52 130
52 139
52 140
52 153
52 161
52 169
52 173
52 185
52 186
52 188
52 189
52 192
52 194
52 213
52 223
52 266
52 267
52 269
52 277
52 280
52 302
52 308
52 314
52 335
52 336
52 341
52 345
52 353
52 356
52 364
52 366
52 372
52 380
52 385
52 391
52 394
52 401
52 403
52 407
52 414
52 421
52 444
52 450
52 463
52 469
52 497
53 63
53 69
53 83
53 88
53 89
53 92
53 109
53 111
53 134
53 152
53 153
53 155
53 175
53 181
53 192
53 193
53 209
53 231
53 237
53 238
53 246
53 254
53 274
53 279
53 295
53 306
53 313
53 314
53 320
53 323
53 329
53 334
53 336
53 341
53 376
53 384
53 385
53 387
53 388
53 407
53 410
53 426
53 427
53 430
53 431
53 441
53 449
53 453
53 458
53 467
53 486
54 59
54 77
54 79
54 91
54 99
54 103
54 109
54 130
54 135
54 155
54 157
54 158
54 184
54 187
54 188
54 210
54 218
54 225
54 233
54 243
54 249
54 256
54 262
54 270
54 286
54 294
54 296
54 306
54 324
54 339
54 353
54 357
54 358
54 360
54 371
54 380
54 385
54 394
54 408
54 426
54 433
54 435
54 441
54 448
54 453
54 457
54 461
54 462
54 472
54 486
54 494
55 62
55 67
55 74
55 78
55 82
55 113
55 122
55 123
55 128
55 141
55 153
55 161
55 169
55 172
55 182
55 192
55 194
55 199
55 204
55 209
55 235
55 239
55 245
55 248
55 263
55 268
55 273
55 278
55 280
55 286
55 287
55 291
55 292
55 293
55 303
55 318
55 325
55 330
55 331
55 339
55 350
55 355
55 357
55 362
55 368
55 373
55 388
55 396
55 397
55 414
55 425
55 427
55 436
55 464
55 476
55 478
55 484
55 495
56 61
56 65
56 70
56 86
56 92
56 99
56 109
56 112
56 116
56 133
56 164
56 193
56 223
56 239
56 249
56 251
56 260
56 264
56 268
56 272
56 273
56 274
56 280
56 294
56 295
56 305
56 318
56 323
56 327
56 328
56 331
56 337
56 340
56 342
56 344
56 353
56 361
56 370
56 385
56 395
56 406
56 420
56 426
56 430
56 436
56 437
56 445
56 446
56 458
56 463
56 465
56 476
56 480
56 482
56 492
56 494
56 495
57 67
57 81
57 84
57 102
57 108
57 111
57 112
57 127
57 131
57 134
57 142
57 161
57 168
57 185
57 186
57 226
57 240
57 248
57 255
57 264
57 273
57 285
57 310
57 315
57 318
57 336
57 352
57 373
57 401
57 402
57 431
57 432
57 438
57 459
57 464
57 473
57 479
57 494
58 59
58 103
58 105
58 119
58 128
58 146
58 163
58 165
58 166
58 175
58 176
58 178
58 181
58 186
58 188
58 192
58 209
58 217
58 233
58 242
58 250
58 256
58 264
58 300
58 310
58 329
58 340
58 345
58 349
58 350
58 359
58 365
58 380
58 404
58 415
58 428
58 429
58 445
58 458
58 459
58 464
58 481
58 487
59 61
59 82
59 84
59 85
59 92
59 99
59 105
59 117
59 120
59 127
59 161
59 164
59 180
59 195
59 207
59 208
59 215
59 223
59 225
59 228
59 239
59 241
59 243
59 247
59 252
59 255
59 256
59 257
59 258
59 262
59 274
59 292
59 296
59 300
59 307
59 310
59 335
59 337
59 343
59 346
59 351
59 360
59 364
59 368
59 377
59 378
59 401
59 409
59 412
59 422
59 426
59 433
59 441
59 454
59 461
59 464
59 475
59 481
59 485
59 486
59 489
59 490
60 77
60 96
60 100
60 122
60 124
60 126
60 129
60 131
60 161
60 181
60 221
60 233
60 241
60 244
60 261
60 272
60 284
60 297
60 307
60 314
60 347
60 352
60 367
60 377
60 379
60 399
60 420
60 425
60 432
60 442
60 455
60 463
60 483
60 490
60 496
61 62
61 67
61 74
61 78
61 94
61 103
61 104
61 109
61 137
61 138
61 141
61 148
61 152
61 153
61 154
61 165
61 167
61 173
61 179
61 203
61 232
61 248
61 249
61 252
61 253
61 256
61 264
61 270
61 292
61 295
61 297
61 298
61 317
61 325
61 335
61 343
61 345
61 352
61 356
61 366
61 367
61 368
61 382
61 395
61 397
61 410
61 429
61 432
61 439
61 440
61 449
61 453
61 463
61 495
62 67
62 76
62 87
62 93
62 99
62 103
62 106
62 110
62 135
62 142
62 144
62 149
62 162
62 164
62 169
62 177
62 194
62 196
62 208
62 221
62 234
62 244
62 261
62 269
62 307
62 321
62 350
62 364
62 366
62 367
62 375
62 376
62 413
62 415
62 416
62 431
62 449
62 450
62 456
62 462
62 467
62 478
62 482
62 497
63 72
63 79
63 80
63 87
63 97
63 100
63 113
63 144
63 159
63 160
63 176
63 186
63 188
63 196
63 200
63 201
63 216
63 230
63 234
63 247
63 275
63 296
63 323
63 326
63 329
63 333
63 341
63 367
63 391
63 396
63 398
63 407
63 408
63 437
63 474
63 478
63 484
63 490
63 493
64 65
64 68
64 75
64 80
64 113
64 120
64 124
64 133
64 134
64 136
64 139
64 147
64 149
64 160
64 167
64 173
64 189
64 196
64 205
64 220
64 240
64 242
64 247
64 248
64 260
64 263
64 270
64 272
64 275
64 279
64 326
64 329
64 331
64 335
64 343
64 352
64 364
64 378
64 385
64 387
64 388
64 397
64 399
64 406
64 409
64 411
64 418
64 421
64 422
64 434
64 446
64 451
64 473
64 493
65 73
65 76
65 78
65 93
65 109
65 112
65 121
65 122
65 124
65 125
65 126
65 144
65 147
65 154
65 155
65 157
65 162
65 179
65 204
65 206
65 207
65 209
65 221
65 222
65 227
65 238
65 246
65 270
65 281
65 289
65 294
65 301
65 312
65 322
65 339
65 362
65 385
65 390
65 393
65 397
65 441
65 473
65 482
65 487
65 497
66 76
66 82
66 108
66 117
66 125
66 131
66 138
66 146
66 147
66 157
66 160
66 188
66 193
66 200
66 206
66 222
66 227
66 231
66 232
66 250
66 253
66 269
66 284
66 288
66 300
66 302
66 307
66 322
66 328
66 344
66 356
66 376
66 378
66 399
66 402
66 407
66 411
66 417
66 431
66 435
66 439
66 447
66 461
66 496
67 70
67 71
67 87
67 89
67 90
67 91
67 93
67 103
67 112
67 117
67 154
67 159
67 162
67 178
67 183
67 204
67 206
67 223
67 225
67 227
67 233
67 241
67 250
67 258
67 263
67 265
67 269
67 275
67 282
67 283
67 296
67 300
67 303
67 304
67 312
67 320
67 329
67 355
67 360
67 361
67 382
67 414
67 419
67 426
67 434
67 461
67 475
67 483
67 484
67 494
68 76
68 84
68 95
68 109
68 114
68 120
68 122
68 127
68 129
68 133
68 136
68 149
68 151
68 155
68 163
68 166
68 171
68 181
68 186
68 188
68 212
68 228
68 242
68 245
68 252
68 253
68 254
68 255
68 263
68 302
68 318
68 327
68 334
68 338
68 352
68 354
68 369
68 382
68 388
68 396
68 403
68 420
68 425
68 428
68 462
68 472
68 473
68 474
68 484
69 70
69 75
69 76
69 97
69 101
69 107
69 133
69 174
69 178
69 181
69 183
69 222
69 228
69 238
69 252
69 254
69 271
69 274
69 277
69 287
69 289
69 291
69 297
69 300
69 302
69 326
69 337
69 351
69 361
69 364
69 365
69 367
69 379
69 384
69 388
69 397
69 419
69 425
69 464
69 477
69 479
70 79
70 83
70 88
70 95
70 104
70 130
70 145
70 147
70 149
70 150
70 154
70 180
70 182
70 189
70 209
70 213
70 246
70 259
70 264
70 267
70 277
70 285
70 292
70 316
70 321
70 322
70 332
70 355
70 366
70 372
70 383
70 398
70 401
70 406
70 407
70 408
70 420
70 434
70 447
70 459
70 476
71 72
71 82
71 95
71 104
71 107
71 116
71 119
71 121
71 148
71 206
71 213
71 222
71 239
71 240
71 246
71 251
71 255
71 258
71 259
71 274
71 280
71 286
71 291
71 295
71 306
71 309
71 315
71 321
71 325
71 335
71 336
71 339
71 359
71 364
71 374
71 377
71 380
71 385
71 405
71 415
71 445
71 448
71 452
71 456
71 488
71 496
72 90
72 99
72 102
72 105
72 114
72 136
72 144
72 147
72 152
72 161
72 163
72 172
72 177
72 181
72 189
72 199
72 204
72 207
72 213
72 223
72 224
72 231
72 244
72 265
72 267
72 273
72 308
72 310
72 316
72 324
72 336
72 342
72 343
72 359
72 363
72 365
72 373
72 376
72 390
72 392
72 399
72 419
72 471
72 478
72 491
72 495
73 98
73 100
73 102
73 108
73 118
73 122
73 136
73 145
73 162
73 178
73 181
73 191
73 199
73 206
73 207
73 224
73 231
73 232
73 234
73 251
73 269
73 282
73 291
73 296
73 319
73 334
73 345
73 362
73 371
73 378
73 386
73 389
73 395
73 406
73 411
73 413
73 417
73 423
73 432
73 435
73 454
73 457
73 461
73 480
73 485
73 497
74 98
74 121
74 123
74 129
74 145
74 160
74 168
74 178
74 201
74 210
74 211
74 217
74 218
74 232
74 239
74 244
74 248
74 251
74 256
74 258
74 268
74 296
74 297
74 314
74 326
74 337
74 349
74 358
74 361
74 370
74 371
74 386
74 395
74 410
74 415
74 428
74 430
74 437
74 441
74 450
74 451
74 470
74 480
74 481
74 487
74 491
74 493
74 496
74 499
75 83
75 92
75 103
75 118
75 127
75 135
75 155
75 170
75 200
75 208
75 213
75 217
75 218
75 221
75 224
75 230
75 263
75 267
75 269
75 270
75 278
75 284
75 288
75 290
75 305
75 306
75 310
75 327
75 333
75 345
75 380
75 386
75 400
75 416
75 429
75 438
75 439
75 444
75 445
75 457
75 466
75 468
75 473
75 484
75 496
76 78
76 103
76 116
76 117
76 135
76 139
76 144
76 149
76 166
76 169
76 182
76 192
76 203
76 209
76 216
76 217
76 226
76 227
76 234
76 253
76 254
76 261
76 262
76 265
76 270
76 273
76 280
76 293
76 334
76 336
76 350
76 364
76 392
76 394
76 408
76 419
76 424
76 448
76 453
76 454
76 461
76 481
76 491
76 498
77 91
77 112
77 116
77 140
77 157
77 175
77 201
77 204
77 208
77 217
77 241
77 243
77 246
77 255
77 257
77 258
77 288
77 293
77 321
77 346
77 355
77 369
77 383
77 394
77 397
77 404
77 407
77 408
77 414
77 421
77 433
77 453
77 454
77 461
77 464
77 474
77 481
77 482
77 489
78 88
78 109
78 117
78 158
78 162
78 172
78 179
78 215
78 218
78 222
78 233
78 234
78 236
78 237
78 244
78 245
78 262
78 271
78 273
78 279
78 291
78 299
78 300
78 305
78 319
78 329
78 341
78 343
78 358
78 382
78 383
78 385
78 401
78 406
78 410
78 412
78 425
78 432
78 436
78 439
78 441
78 447
78 450
78 457
78 465
78 472
78 484
79 99
79 113
79 115
79 116
79 117
79 126
79 130
79 139
79 146
79 161
79 169
79 178
79 194
79 220
79 226
79 246
79 248
79 274
79 275
79 277
79 300
79 319
79 330
79 334
79 355
79 367
79 387
79 392
79 399
79 400
79 406
79 415
79 417
79 428
79 458
79 459
79 461
79 464
79 482
79 486
79 488
80 95
80 114
80 128
80 169
80 177
80 188
80 209
80 223
80 227
80 239
80 243
80 248
80 253
80 254
80 259
80 272
80 283
80 288
80 290
80 311
80 316
80 318
80 343
80 345
80 346
80 378
80 380
80 387
80 400
80 414
80 421
80 423
80 440
80 443
80 447
80 453
80 455
80 463
80 477
80 486
80 492
81 82
81 99
81 113
81 120
81 121
81 136
81 143
81 160
81 165
81 169
81 174
81 195
81 199
81 205
81 224
81 226
81 233
81 239
81 240
81 242
81 270
81 278
81 283
81 294
81 306
81 312
81 315
81 319
81 332
81 343
81 346
81 354
81 357
81 364
81 374
81 379
81 394
81 396
81 401
81 404
81 414
81 416
81 425
81 427
81 429
81 432
81 454
81 455
81 463
81 473
81 481
81 484
82 100
82 103
82 106
82 110
82 117
82 124
82 133
82 135
82 148
82 155
82 188
82 191
82 203
82 207
82 212
82 219
82 227
82 240
82 241
82 248
82 270
82 271
82 300
82 318
82 323
82 375
82 376
82 379
82 380
82 385
82 397
82 411
82 424
82 427
82 438
82 440
82 452
82 453
82 459
82 462
82 470
82 488
83 85
83 87
83 99
83 105
83 125
83 138
83 151
83 159
83 160
83 167
83 191
83 199
83 216
83 230
83 249
83 255
83 258
83 261
83 274
83 279
83 287
83 341
83 344
83 345
83 357
83 361
83 365
83 371
83 372
83 377
83 388
83 403
83 404
83 422
83 431
83 432
83 443
83 446
83 451
83 455
83 456
83 460
83 464
83 491
83 499
84 92
84 94
84 101
84 108
84 124
84 128
84 130
84 143
84 153
84 159
84 173
84 182
84 188
84 200
84 218
84 226
84 237
84 248
84 253
84 278
84 306
84 329
84 361
84 366
84 368
84 390
84 398
84 401
84 413
84 420
84 435
84 440
84 445
84 448
84 456
84 486
85 92
85 93
85 100
85 116
85 121
85 122
85 125
85 134
85 141
85 154
85 158
85 186
85 212
85 216
85 219
85 221
85 227
85 252
85 266
85 273
85 293
85 296
85 298
85 309
85 317
85 326
85 336
85 338
85 342
85 345
85 351
85 372
85 383
85 387
85 391
85 400
85 427
85 428
85 430
85 435
85 473
85 477
85 479
85 482
85 485
85 493
86 93
86 102
86 112
86 135
86 146
86 149
86 168
86 182
86 189
86 202
86 212
86 264
86 276
86 281
86 283
86 300
86 303
86 306
86 312
86 318
86 322
86 332
86 348
86 397
86 398
86 408
86 423
86 464
86 479
86 487
87 91
87 106
87 117
87 126
87 146
87 179
87 189
87 197
87 201
87 212
87 216
87 218
87 219
87 224
87 234
87 244
87 263
87 274
87 277
87 280
87 283
87 301
87 305
87 338
87 340
87 359
87 381
87 386
87 389
87 417
87 444
87 450
87 455
87 457
87 480
87 488
87 493
87 495
88 89
88 93
88 108
88 113
88 126
88 136
88 151
88 155
88 164
88 180
88 183
88 189
88 190
88 191
88 206
88 218
88 239
88 242
88 248
88 254
88 255
88 291
88 294
88 296
88 309
88 311
88 312
88 317
88 322
88 324
88 334
88 347
88 364
88 373
88 377
88 383
88 386
88 387
88 388
88 397
88 421
88 430
88 437
88 442
88 446
88 452
88 453
88 479
88 488
89 93
89 96
89 128
89 138
89 141
89 160
89 176
89 185
89 192
89 217
89 218
89 224
89 229
89 239
89 246
89 251
89 252
89 260
89 261
89 262
89 271
89 275
89 279
89 282
89 319
89 338
89 345
89 358
89 364
89 389
89 390
89 404
89 405
89 412
89 418
89 424
89 437
89 440
89 443
89 449
89 482
89 488
89 496
89 499
90 97
90 111
90 118
90 128
90 132
90 148
90 183
90 187
90 196
90 197
90 199
90 200
90 201
90 202
90 208
90 213
90 215
90 231
90 240
90 245
90 258
90 260
90 265
90 267
90 275
90 280
90 292
90 299
90 301
90 303
90 306
90 315
90 332
90 340
90 342
90 348
90 354
90 356
90 357
90 367
90 381
90 388
90 397
90 399
90 412
90 421
90 433
90 479
90 483
90 492
90 493
91 100
91 106
91 122
91 129
91 132
91 133
91 150
91 162
91 165
91 182
91 190
91 193
91 194
91 195
91 203
91 207
91 215
91 217
91 246
91 247
91 255
91 277
91 279
91 282
91 291
91 292
91 295
91 303
91 309
91 317
91 332
91 336
91 343
91 344
91 349
91 381
91 399
91 403
91 409
91 416
91 432
91 462
91 469
91 477
91 483
92 95
92 116
92 119
92 121
92 128
92 138
92 142
92 143
92 156
92 164
92 182
92 192
92 199
92 200
92 215
92 227
92 255
92 257
92 262
92 275
92 290
92 303
92 306
92 316
92 365
92 367
92 381
92 398
92 401
92 414
92 418
92 420
92 423
92 435
92 470
92 476
92 485
93 107
93 108
93 111
93 122
93 133
93 141
93 150
93 155
93 158
93 172
93 176
93 178
93 189
93 191
93 192
93 225
93 230
93 243
93 245
93 258
93 259
93 267
93 272
93 294
93 298
93 317
93 326
93 331
93 381
93 386
93 397
93 407
93 418
93 429
93 440
93 485
93 486
93 491
94 96
94 98
94 112
94 131
94 139
94 142
94 147
94 156
94 208
94 213
94 235
94 249
94 250
94 283
94 300
94 302
94 309
94 313
94 318
94 321
94 341
94 362
94 369
94 400
94 408
94 416
94 439
94 446
94 448
94 455
94 460
94 479
95 110
95 135
95 152
95 162
95 187
95 196
95 209
95 211
95 213
95 221
95 228
95 232
95 245
95 247
95 251
95 258
95 290
95 300
95 301
95 311
95 326
95 327
95 348
95 349
95 352
95 356
95 364
95 371
95 374
95 388
95 401
95 409
95 415
95 442
95 444
95 463
95 467
95 470
95 480
95 490
95 494
95 497
96 102
96 114
96 119
96 120
96 134
96 153
96 158
96 167
96 170
96 192
96 197
96 222
96 225
96 248
96 260
96 262
96 290
96 301
96 302
96 304
96 309
96 325
96 334
96 339
96 355
96 383
96 401
96 436
96 453
96 455
96 475
96 485
96 494
97 115
97 122
97 136
97 144
97 193
97 221
97 252
97 257
97 269
97 271
97 275
97 295
97 300
97 302
97 305
97 306
97 325
97 336
97 351
97 365
97 369
97 372
97 375
97 379
97 384
97 392
97 396
97 401
97 417
97 425
97 427
97 430
97 439
97 451
97 452
97 460
97 463
97 464
97 496
98 99
98 102
98 106
98 113
98 115
98 124
98 125
98 129
98 188
98 200
98 201
98 211
98 213
98 223
98 230
98 243
98 250
98 261
98 270
98 287
98 322
98 327
98 338
98 363
98 366
98 372
98 373
98 389
98 393
98 400
98 416
98 434
98 474
98 490
99 100
99 101
99 123
99 126
99 134
99 152
99 160
99 166
99 177
99 179
99 181
99 193
99 205
99 212
99 216
99 219
99 221
99 222
99 223
99 232
99 233
99 253
99 264
99 279
99 307
99 310
99 320
99 325
99 331
99 345
99 362
99 385
99 386
99 398
99 423
99 436
99 464
99 481
99 495
100 103
100 108
100 121
100 124
100 131
100 144
100 146
100 155
100 166
100 184
100 188
100 198
100 234
100 236
100 239
100 273
100 276
100 281
100 291
100 292
100 296
100 306
100 355
100 362
100 366
100 375
100 386
100 391
100 417
100 420
100 429
100 432
100 436
100 439
100 448
100 450
100 455
100 456
100 458
100 480
100 495
100 496
101 116
101 124
101 135
101 145
101 147
101 175
101 179
101 192
101 201
101 204
101 209
101 212
101 217
101 234
101 238
101 246
101 252
101 254
101 263
101 285
101 290
101 291
101 307
101 310
101 312
101 317
101 326
101 334
101 342
101 345
101 363
101 365
101 382
101 390
101 394
101 407
101 421
101 430
101 439
101 445
101 451
101 462
101 481
101 482
102 122
102 138
102 149
102 154
102 157
102 170
102 171
102 198
102 205
102 214
102 216
102 217
102 219
102 220
102 232
102 233
102 239
102 240
102 249
102 255
102 270
102 301
102 333
102 334
102 343
102 346
102 355
102 356
102 358
102 365
102 375
102 391
102 394
102 399
102 418
102 462
102 481
102 485
102 490
103 106
103 107
103 118
103 127
103 134
103 136
103 152
103 164
103 191
103 194
103 206
103 213
103 225
103 258
103 271
103 280
103 293
103 297
103 304
103 308
103 328
103 346
103 354
103 358
103 364
103 371
103 382
103 386
103 397
103 399
103 400
103 404
103 410
103 420
103 427
103 436
103 446
103 478
103 481
103 493
103 496
104 118
104 142
104 148
104 149
104 160
104 162
104 163
104 200
104 207
104 211
104 214
104 219
104 220
104 222
104 263
104 268
104 303
104 310
104 329
104 345
104 352
104 371
104 377
104 401
104 403
104 426
104 449
104 460
104 461
104 462
104 463
104 464
104 477
104 499
105 110
105 125
105 127
105 137
105 138
105 144
105 149
105 163
105 166
105 168
105 182
105 188
105 192
105 200
105 211
105 213
105 231
105 241
105 245
105 254
105 255
105 266
105 269
105 272
105 295
105 312
105 315
105 331
105 333
105 342
105 369
105 406
105 417
105 421
105 426
105 447
105 461
105 472
105 482
105 489
106 120
106 124
106 134
106 142
106 154
106 186
106 193
106 205
106 207
106 216
106 230
106 252
106 258
106 259
106 279
106 282
106 290
106 305
106 307
106 313
106 315
106 325
106 343
106 350
106 356
106 364
106 369
106 389
106 391
106 396
106 414
106 425
106 429
106 435
106 451
106 455
106 458
106 466
106 483
106 487
107 114
107 116
107 122
107 139
107 151
107 164
107 184
107 187
107 201
107 226
107 235
107 237
107 243
107 252
107 254
107 256
107 259
107 287
107 316
107 317
107 319
107 347
107 348
107 350
107 362
107 371
107 391
107 397
107 399
107 403
107 404
107 416
107 422
107 425
107 431
107 435
107 441
107 453
107 473
108 110
108 122
108 127
108 134
108 138
108 148
108 150
108 168
108 178
108 206
108 209
108 230
108 236
108 254
108 259
108 263
108 264
108 265
108 276
108 308
108 310
108 314
108 329
108 338
108 345
108 350
108 354
108 360
108 362
108 366
108 372
108 414
108 425
108 432
108 439
108 475
108 487
109 160
109 225
109 229
109 240
109 252
109 281
109 294
109 309
109 311
109 314
109 315
109 333
109 347
109 408
109 414
109 418
109 428
109 448
109 452
109 465
109 476
109 493
109 499
110 119
110 127
110 148
110 152
110 157
110 169
110 185
110 201
110 231
110 242
110 260
110 280
110 283
110 292
110 315
110 320
110 321
110 347
110 355
110 357
110 366
110 389
110 396
110 403
110 425
110 426
110 433
110 437
110 459
110 462
110 467
110 468
110 479
110 486
110 488
111 114
111 115
111 134
111 137
111 143
111 152
111 164
111 166
111 167
111 175
111 176
111 190
111 205
111 209
111 221
111 226
111 235
111 253
111 265
111 267
111 270
111 274
111 285
111 298
111 338
111 340
111 379
111 381
111 392
111 393
111 404
111 412
111 414
111 422
111 433
111 434
111 437
111 443
111 484
112 128
112 143
112 145
112 171
112 174
112 176
112 182
112 186
112 191
112 210
112 218
112 221
112 229
112 232
112 242
112 252
112 259
112 281
112 283
112 294
112 295
112 302
112 308
112 309
112 313
112 319
112 325
112 330
112 347
112 349
112 353
112 367
112 369
112 389
112 390
112 409
112 412
112 420
112 422
112 423
112 427
112 428
112 437
112 446
112 466
112 474
113 127
113 131
113 140
113 149
113 150
113 157
113 191
113 208
113 215
113 223
113 237
113 241
113 248
113 251
113 257
113 262
113 263
113 271
113 280
113 291
113 293
113 298
113 310
113 312
113 317
113 347
113 352
113 357
113 358
113 372
113 377
113 380
113 385
113 386
113 387
113 392
113 393
113 396
113 397
113 421
113 427
113 429
113 430
113 432
113 442
113 443
113 448
113 458
113 462
113 477
113 498
114 122
114 125
114 137
114 142
114 145
114 161
114 162
114 166
114 172
114 175
114 186
114 198
114 202
114 213
114 218
114 248
114 263
114 265
114 273
114 286
114 309
114 312
114 330
114 336
114 355
114 366
114 368
114 389
114 398
114 403
114 421
114 426
114 443
114 457
114 460
114 491
114 497
115 131
115 135
115 141
115 147
115 164
115 190
115 199
115 200
115 201
115 214
115 237
115 248
115 266
115 268
115 303
115 304
115 314
115 324
115 326
115 327
115 340
115 342
115 347
115 371
115 373
115 385
115 411
115 421
115 424
115 426
115 458
115 462
115 480
115 483
115 490
116 120
116 128
116 146
116 153
116 219
116 247
116 253
116 266
116 269
116 273
116 274
116 282
116 289
116 297
116 316
116 322
116 328
116 330
116 335
116 353
116 362
116 412
116 435
116 451
116 454
116 471
116 496
117 123
117 126
117 128
117 131
117 134
117 140
117 151
117 152
117 154
117 157
117 176
117 178
117 198
117 202
117 212
117 214
117 218
117 232
117 233
117 234
117 244
117 252
117 262
117 274
117 285
117 288
117 304
117 305
117 310
117 311
117 316
117 317
117 321
117 330
117 333
117 375
117 408
117 432
117 433
117 443
117 451
117 460
117 488
117 490
117 497
118 133
118 139
118 144
118 176
118 184
118 185
118 190
118 193
118 196
118 213
118 222
118 244
118 254
118 258
118 264
118 274
118 283
118 285
118 288
118 297
118 303
118 314
118 324
118 331
118 333
118 343
118 345
118 348
118 354
118 364
118 379
118 391
118 401
118 427
118 436
118 437
118 449
118 473
118 478
118 483
119 128
119 137
119 139
119 147
119 166
119 170
119 172
119 173
119 219
119 226
119 240
119 249
119 259
119 267
119 269
119 299
119 301
119 310
119 311
119 346
119 347
119 348
119 363
119 387
119 404
119 420
119 431
119 438
119 453
119 469
119 493
119 497
119 499
120 135
120 140
120 147
120 153
120 182
120 188
120 189
120 194
120 200
120 230
120 237
120 248
120 249
120 263
120 275
120 288
120 321
120 337
120 339
120 356
120 358
120 364
120 367
120 385
120 397
120 400
120 404
120 412
120 416
120 434
120 442
120 496
120 498
121 134
121 135
121 168
121 185
121 213
121 234
121 237
121 255
121 280
121 366
121 373
121 376
121 392
121 394
121 409
121 434
121 442
121 471
121 474
122 128
122 172
122 189
122 200
122 208
122 255
122 256
122 263
122 271
122 279
122 291
122 292
122 301
122 308
122 312
122 316
122 322
122 332
122 334
122 339
122 344
122 349
122 350
122 352
122 357
122 368
122 376
122 379
122 390
122 392
122 393
122 433
122 455
122 488
122 490
122 495
123 160
123 187
123 221
123 225
123 228
123 236
123 247
123 251
123 263
123 269
123 276
123 282
123 298
123 299
123 307
123 314
123 319
123 329
123 334
123 338
123 343
123 346
123 351
123 355
123 363
123 364
123 365
123 380
123 396
123 400
123 404
123 409
123 411
123 428
123 458
123 461
123 463
124 150
124 153
124 169
124 181
124 184
124 185
124 222
124 223
124 227
124 232
124 236
124 238
124 280
124 286
124 298
124 305
124 306
124 307
124 321
124 327
124 328
124 333
124 339
124 347
124 352
124 355
124 356
124 372
124 379
124 388
124 393
124 406
124 407
124 426
124 433
124 449
124 455
124 464
124 470
125 141
125 149
125 151
125 158
125 175
125 181
125 194
125 233
125 235
125 245
125 249
125 261
125 267
125 281
125 294
125 296
125 326
125 331
125 332
125 333
125 338
125 348
125 378
125 393
125 403
125 418
125 422
125 449
125 469
125 471
125 473
126 136
126 156
126 175
126 179
126 207
126 210
126 214
126 243
126 245
126 247
126 273
126 284
126 287
126 298
126 307
126 322
126 346
126 351
126 356
126 367
126 375
126 380
126 381
126 407
126 411
126 419
126 423
126 432
126 433
126 454
126 463
126 471
126 486
126 494
127 157
127 167
127 169
127 177
127 184
127 215
127 222
127 224
127 239
127 249
127 251
127 272
127 285
127 296
127 300
127 309
127 321
127 341
127 355
127 356
127 362
127 363
127 364
127 365
127 370
127 372
127 385
127 406
127 412
127 429
127 430
127 435
127 458
127 475
127 485
128 130
128 134
128 194
128 201
128 206
128 228
128 242
128 293
128 298
128 303
128 310
128 312
128 328
128 338
128 344
128 345
128 358
128 359
128 362
128 365
128 380
128 389
128 413
128 415
128 440
128 444
128 445
128 451
128 463
128 465
128 471
128 488
128 496
129 130
129 172
129 174
129 181
129 198
129 201
129 204
129 209
129 233
129 236
129 254
129 265
129 268
129 275
129 281
129 288
129 289
129 301
129 325
129 342
129 361
129 378
129 385
129 394
129 396
129 399
129 411
129 415
129 455
129 461
129 478
129 479
129 483
129 488
130 140
130 141
130 176
130 184
130 189
130 199
130 200
130 205
130 226
130 230
130 263
130 265
130 266
130 267
130 293
130 296
130 297
130 307
130 310
130 332
130 334
130 341
130 348
130 367
130 379
130 381
130 382
130 383
130 396
130 399
130 417
130 426
130 427
130 447
130 450
130 459
130 466
130 468
130 474
130 476
130 477
130 481
130 485
130 490
130 493
131 177
131 181
131 186
131 189
131 227
131 269
131 291
131 303
131 307
131 310
131 319
131 335
131 337
131 352
131 356
131 402
131 453
131 464
131 468
131 470
131 486
131 491
132 138
132 147
132 150
132 162
132 165
132 167
132 169
132 185
132 204
132 206
132 214
132 217
132 234
132 238
132 241
132 245
132 251
132 266
132 271
132 272
132 288
132 303
132 308
132 311
132 312
132 316
132 325
132 333
132 338
132 380
132 393
132 395
132 409
132 412
132 414
132 416
132 419
132 424
132 444
132 449
132 450
132 468
132 482
132 487
132 495
132 499
133 162
133 178
133 179
133 186
133 220
133 226
133 229
133 242
133 249
133 255
133 262
133 283
133 293
133 298
133 315
133 332
133 333
133 347
133 349
133 352
133 392
133 396
133 410
133 411
133 415
133 436
133 441
133 445
133 458
133 462
133 463
133 464
133 481
133 484
133 492
133 496
134 148
134 158
134 163
134 170
134 175
134 186
134 192
134 195
134 204
134 207
134 238
134 241
134 244
134 254
134 271
134 287
134 303
134 323
134 325
134 326
134 347
134 364
134 390
134 400
134 402
134 421
134 428
134 466
134 487
134 496
134 497
135 138
135 147
135 152
135 156
135 162
135 168
135 185
135 189
135 210
135 211
135 213
135 217
135 218
135 224
135 240
135 248
135 252
135 256
135 258
135 259
135 264
135 269
135 272
135 278
135 293
135 298
135 301
135 309
135 322
135 324
135 325
135 337
135 356
135 360
135 364
135 373
135 377
135 384
135 391
135 419
135 420
135 421
135 424
135 440
135 445
135 480
135 492
135 493
136 138
136 160
136 161
136 162
136 178
136 196
136 197
136 207
136 208
136 231
136 248
136 249
136 256
136 258
136 277
136 285
136 292
136 304
136 310
136 318
136 326
136 327
136 342
136 347
136 348
136 362
136 365
136 381
136 387
136 389
136 394
136 405
136 413
136 423
136 425
136 443
136 460
136 475
136 477
136 488
137 145
137 153
137 157
137 170
137 172
137 195
137 199
137 200
137 204
137 214
137 224
137 241
137 245
137 246
137 250
137 274
137 276
137 284
137 309
137 322
137 328
137 358
137 359
137 377
137 381
137 388
137 393
137 395
137 410
137 412
137 416
137 424
137 426
137 442
137 444
137 447
137 474
137 475
137 480
138 141
138 146
138 158
138 167
138 185
138 197
138 205
138 206
138 211
138 223
138 235
138 241
138 243
138 252
138 263
138 266
138 278
138 282
138 289
138 311
138 314
138 327
138 337
138 348
138 350
138 356
138 375
138 383
138 388
138 392
138 412
138 443
138 453
138 466
138 468
138 469
138 478
138 494
139 145
139 154
139 179
139 195
139 208
139 227
139 242
139 255
139 260
139 265
139 266
139 282
139 287
139 289
139 292
139 312
139 314
139 326
139 330
139 333
139 334
139 335
139 340
139 343
139 348
139 364
139 375
139 379
139 382
139 385
139 393
139 419
139 428
139 436
139 438
139 449
139 464
139 473
139 481
139 487
139 488
139 498
140 142
140 143
140 169
140 190
140 198
140 202
140 224
140 226
140 235
140 252
140 253
140 260
140 283
140 288
140 307
140 311
140 318
140 320
140 347
140 349
140 363
140 373
140 380
140 386
140 389
140 391
140 411
140 425
140 438
140 446
140 451
140 482
140 496
141 142
141 152
141 156
141 162
141 166
141 191
141 194
141 213
141 219
141 223
141 229
141 279
141 280
141 289
141 295
141 336
141 346
141 351
141 353
141 357
141 360
141 376
141 392
141 398
141 411
141 417
141 442
141 460
141 465
141 471
141 486
141 487
142 150
142 151
142 169
142 171
142 173
142 180
142 186
142 206
142 211
142 219
142 221
142 250
142 267
142 288
142 303
142 306
142 351
142 360
142 364
142 384
142 386
142 402
142 411
142 420
142 428
142 462
142 471
142 472
142 478
142 480
142 482
142 489
143 164
143 177
143 190
143 205
143 220
143 231
143 238
143 239
143 241
143 246
143 260
143 272
143 273
143 276
143 282
143 294
143 295
143 300
143 303
143 319
143 327
143 338
143 342
143 345
143 346
143 350
143 374
143 406
143 408
143 416
143 433
143 434
143 456
143 477
144 145
144 146
144 167
144 168
144 169
144 174
144 179
144 185
144 191
144 192
144 217
144 223
144 247
144 270
144 277
144 287
144 290
144 302
144 341
144 347
144 353
144 357
144 366
144 371
144 372
144 380
144 390
144 392
144 429
144 435
144 437
144 465
144 466
144 469
144 472
145 151
145 170
145 179
145 185
145 208
145 209
145 214
145 215
145 217
145 236
145 237
145 253
145 265
145 267
145 268
145 286
145 289
145 290
145 291
145 314
145 346
145 348
145 349
145 350
145 361
145 379
145 383
145 393
145 413
145 414
145 419
145 422
145 434
145 446
145 449
145 468
145 483
145 496
146 147
146 149
146 159
146 174
146 192
146 200
146 204
146 209
146 222
146 224
146 240
146 245
146 248
146 252
146 262
146 273
146 281
146 286
146 287
146 289
146 296
146 299
146 302
146 307
146 311
146 314
146 321
146 330
146 345
146 346
146 372
146 399
146 423
146 425
146 433
146 471
146 474
146 488
147 155
147 159
147 178
147 183
147 184
147 198
147 212
147 213
147 219
147 226
147 228
147 234
147 236
147 254
147 277
147 298
147 301
147 305
147 315
147 317
147 329
147 333
147 356
147 374
147 384
147 399
147 405
147 419
147 427
147 432
147 454
147 468
147 472
147 494
148 158
148 182
148 190
148 195
148 202
148 236
148 239
148 247
148 259
148 267
148 268
148 273
148 278
148 294
148 299
148 302
148 315
148 323
148 327
148 343
148 364
148 379
148 383
148 439
148 451
148 459
148 474
148 480
148 481
148 495
149 186
149 195
149 220
149 248
149 250
149 256
149 275
149 278
149 290
149 295
149 297
149 299
149 301
149 312
149 326
149 330
149 345
149 346
149 356
149 359
149 366
149 371
149 375
149 377
149 382
149 388
149 423
149 424
149 431
149 434
149 445
149 456
149 475
149 493
150 178
150 179
150 195
150 204
150 228
150 229
150 237
150 263
150 265
150 268
150 275
150 277
150 286
150 288
150 301
150 306
150 317
150 318
150 326
150 338
150 352
150 369
150 391
150 399
150 409
150 419
150 423
150 430
150 438
150 445
150 475
150 482
150 485
150 495
151 173
151 175
151 192
151 211
151 232
151 238
151 241
151 252
151 271
151 273
151 293
151 297
151 308
151 312
151 327
151 342
151 349
151 372
151 377
151 412
151 413
151 449
151 461
151 470
151 474
151 489
151 493
152 155
152 156
152 171
152 173
152 175
152 181
152 205
152 207
152 213
152 215
152 217
152 232
152 236
152 245
152 247
152 264
152 291
152 296
152 323
152 330
152 338
152 350
152 355
152 358
152 361
152 372
152 381
152 397
152 402
152 405
152 409
152 429
152 435
152 436
152 463
152 470
152 474
152 479
152 486
152 491
152 493
153 156
153 163
153 168
153 182
153 188
153 201
153 203
153 206
153 210
153 229
153 236
153 238
153 242
153 247
153 265
153 280
153 281
153 303
153 307
153 310
153 321
153 324
153 326
153 352
153 357
153 370
153 373
153 379
153 383
153 390
153 399
153 408
153 427
153 433
153 443
153 445
153 469
153 470
153 480
153 481
153 482
153 485
153 488
153 490
154 161
154 167
154 169
154 170
154 184
154 201
154 202
154 204
154 207
154 210
154 227
154 231
154 236
154 243
154 259
154 266
154 267
154 278
154 288
154 292
154 297
154 298
154 305
154 325
154 337
154 349
154 356
154 364
154 374
154 380
154 386
154 392
154 406
154 437
154 447
154 457
154 460
154 468
154 477
154 486
154 489
155 168
155 177
155 183
155 191
155 194
155 215
155 227
155 237
155 248
155 250
155 260
155 280
155 284
155 300
155 313
155 327
155 339
155 345
155 358
155 385
155 392
155 393
155 407
155 410
155 413
155 416
155 418
155 440
155 458
155 482
155 483
155 489
155 491
155 497
155 499
156 159
156 170
156 187
156 190
156 192
156 197
156 202
156 222
156 225
156 227
156 244
156 246
156 255
156 256
156 273
156 274
156 287
156 304
156 310
156 316
156 325
156 329
156 336
156 352
156 356
156 359
156 362
156 372
156 378
156 380
156 389
156 397
156 404
156 408
156 409
156 417
156 424
156 427
156 459
156 473
156 477
156 492
156 497
157 165
157 177
157 181
157 189
157 190
157 200
157 208
157 218
157 220
157 225
157 234
157 240
157 257
157 279
157 313
157 315
157 318
157 327
157 354
157 365
157 380
157 388
157 389
157 411
157 418
157 422
157 432
157 438
157 447
157 461
157 467
157 468
157 486
157 495
158 167
158 170
158 171
158 174
158 176
158 184
158 193
158 209
158 213
158 239
158 244
158 250
158 263
158 265
158 271
158 279
158 286
158 294
158 305
158 306
158 307
158 326
158 328
158 332
158 340
158 346
158 350
158 359
158 367
158 374
158 387
158 398
158 418
158 435
158 456
158 461
158 466
158 476
158 477
158 478
158 481
158 491
158 495
158 497
159 166
159 179
159 197
159 198
159 217
159 223
159 229
159 233
159 238
159 246
159 250
159 261
159 262
159 264
159 265
159 275
159 282
159 287
159 288
159 290
159 311
159 338
159 385
159 398
159 400
159 407
159 465
159 470
159 475
159 477
159 484
159 485
160 191
160 208
160 214
160 228
160 243
160 254
160 257
160 265
160 266
160 273
160 286
160 292
160 314
160 315
160 327
160 328
160 342
160 349
160 372
160 419
160 420
160 446
160 448
160 456
160 457
160 459
160 464
160 466
161 166
161 167
161 171
161 181
161 184
161 226
161 233
161 235
161 256
161 261
161 302
161 323
161 337
161 343
161 349
161 369
161 381
161 387
161 393
161 394
161 398
161 407
161 408
161 417
161 418
161 423
161 428
161 441
161 444
161 451
161 463
161 477
161 478
162 163
162 166
162 171
162 197
162 206
162 215
162 234
162 242
162 256
162 270
162 272
162 294
162 298
162 299
162 304
162 326
162 362
162 363
162 366
162 368
162 379
162 380
162 381
162 384
162 400
162 415
162 424
162 436
162 464
162 466
162 474
162 475
162 493
162 494
162 497
163 185
163 187
163 202
163 231
163 238
163 243
163 249
163 251
163 266
163 267
163 274
163 280
163 282
163 296
163 328
163 338
163 383
163 387
163 398
163 401
163 402
163 430
163 442
163 454
163 457
163 466
163 471
163 489
164 184
164 190
164 200
164 209
164 231
164 239
164 241
164 242
164 244
164 253
164 274
164 298
164 308
164 372
164 394
164 400
164 404
164 410
164 411
164 413
164 426
164 428
164 456
164 461
164 486
164 495
164 498
165 169
165 172
165 179
165 188
165 195
165 203
165 206
165 225
165 227
165 253
165 276
165 310
165 318
165 337
165 379
165 382
165 409
165 420
165 423
165 451
165 453
165 459
165 463
165 476
165 477
165 480
165 483
165 488
166 174
166 183
166 192
166 202
166 226
166 229
166 234
166 268
166 292
166 300
166 306
166 327
166 330
166 345
166 347
166 358
166 384
166 393
166 430
166 432
166 440
166 449
166 462
166 466
166 469
166 474
166 483
166 495
166 497
166 499
167 198
167 206
167 210
167 211
167 224
167 228
167 248
167 253
167 256
167 275
167 278
167 281
167 289
167 297
167 308
167 313
167 343
167 349
167 357
167 363
167 367
167 394
167 395
167 400
167 403
167 428
167 443
167 465
167 467
167 469
167 481
167 482
168 180
168 204
168 211
168 213
168 218
168 221
168 248
168 279
168 296
168 300
168 308
168 312
168 316
168 338
168 339
168 343
168 346
168 352
168 354
168 361
168 368
168 369
168 383
168 402
168 412
168 424
168 429
168 439
168 446
168 448
168 454
168 459
168 476
168 488
168 491
168 494
168 496
169 170
169 182
169 191
169 192
169 196
169 211
169 215
169 221
169 223
169 229
169 239
169 258
169 271
169 272
169 280
169 290
169 293
169 294
169 305
169 308
169 314
169 342
169 343
169 371
169 375
169 387
169 400
169 402
169 410
169 421
169 436
169 439
169 442
169 456
169 459
169 462
169 470
169 472
169 474
169 477
169 488
169 490
169 491
170 228
170 264
170 269
170 276
170 278
170 279
170 294
170 311
170 330
170 345
170 360
170 365
170 366
170 376
170 378
170 384
170 388
170 389
170 394
170 401
170 403
170 421
170 427
170 432
170 433
170 437
170 455
170 460
170 470
170 473
170 482
170 486
170 491
170 496
171 173
171 186
171 188
171 203
171 210
171 222
171 239
171 251
171 265
171 268
171 273
171 290
171 303
171 317
171 336
171 339
171 364
171 366
171 367
171 375
171 384
171 386
171 393
171 423
171 437
171 438
171 455
171 459
171 469
171 474
171 479
171 485
171 488
171 494
171 496
172 188
172 197
172 198
172 202
172 215
172 227
172 228
172 250
172 259
172 262
172 273
172 284
172 300
172 303
172 310
172 311
172 313
172 316
172 322
172 334
172 343
172 359
172 361
172 368
172 381
172 386
172 400
172 425
172 427
172 443
172 474
172 485
173 183
173 193
173 209
173 215
173 218
173 224
173 245
173 250
173 251
173 262
173 270
173 273
173 290
173 292
173 298
173 299
173 302
173 340
173 343
173 367
173 374
173 376
173 383
173 384
173 393
173 395
173 407
173 427
173 437
173 438
173 448
173 454
173 484
173 492
173 494
173 495
173 498
174 184
174 192
174 212
174 228
174 238
174 241
174 265
174 278
174 281
174 285
174 287
174 316
174 321
174 328
174 343
174 344
174 366
174 373
174 383
174 406
174 426
174 435
174 457
174 493
174 496
175 183
175 184
175 187
175 205
175 207
175 215
175 221
175 244
175 245
175 248
175 258
175 264
175 265
175 280
175 322
175 334
175 338
175 355
175 364
175 378
175 391
175 402
175 407
175 412
175 418
175 425
175 450
175 472
175 481
175 490
176 183
176 184
176 197
176 198
176 200
176 212
176 217
176 223
176 230
176 252
176 253
176 275
176 291
176 311
176 316
176 319
176 322
176 323
176 331
176 333
176 334
176 360
176 393
176 394
176 411
176 415
176 422
176 426
176 447
176 465
176 468
176 493
177 183
177 191
177 193
177 196
177 200
177 212
177 217
177 230
177 236
177 277
177 278
177 291
177 301
177 312
177 315
177 320
177 321
177 330
177 360
177 370
177 376
177 378
177 386
177 387
177 390
177 399
177 427
177 429
177 435
177 462
177 496
178 189
178 194
178 204
178 208
178 223
178 235
178 247
178 266
178 273
178 274
178 276
178 291
178 300
178 320
178 333
178 353
178 358
178 360
178 373
178 374
178 386
178 403
178 406
178 411
178 412
178 422
178 428
178 430
178 437
178 447
178 452
178 461
178 476
178 490
178 491
179 181
179 188
179 192
179 197
179 205
179 222
179 225
179 232
179 249
179 255
179 287
179 296
179 304
179 314
179 317
179 321
179 327
179 335
179 342
179 348
179 369
179 382
179 398
179 417
179 423
179 427
179 432
179 446
179 462
179 465
179 467
179 468
179 475
179 493
180 213
180 215
180 218
180 219
180 228
180 233
180 251
180 276
180 302
180 320
180 329
180 330
180 339
180 345
180 347
180 348
180 353
180 356
180 362
180 364
180 372
180 373
180 378
180 396
180 404
180 411
180 436
180 441
180 460
180 471
180 492
180 496
181 190
181 197
181 200
181 209
181 224
181 228
181 234
181 246
181 265
181 267
181 271
181 280
181 285
181 298
181 302
181 308
181 332
181 341
181 350
181 359
181 364
181 381
181 384
181 392
181 405
181 410
181 447
181 449
181 476
181 479
181 480
182 186
182 222
182 254
182 258
182 266
182 277
182 278
182 280
182 283
182 288
182 289
182 298
182 312
182 322
182 331
182 344
182 349
182 352
182 358
182 380
182 398
182 411
182 419
182 440
182 449
182 463
182 468
182 493
183 188
183 201
183 208
183 223
183 261
183 273
183 290
183 305
183 309
183 314
183 322
183 339
183 344
183 350
183 364
183 365
183 366
183 372
183 379
183 389
183 394
183 409
183 424
183 426
183 428
183 445
183 463
183 478
183 484
183 488
184 188
184 195
184 202
184 207
184 208
184 209
184 225
184 229
184 238
184 239
184 253
184 261
184 265
184 315
184 335
184 352
184 392
184 394
184 407
184 411
184 414
184 432
184 440
184 442
184 448
184 453
184 460
184 488
185 196
185 204
185 225
185 233
185 262
185 299
185 317
185 326
185 332
185 357
185 358
185 370
185 372
185 412
185 415
185 418
185 419
185 425
185 439
185 450
185 459
185 465
185 474
185 475
185 477
185 480
185 483
185 489
185 495
186 203
186 220
186 226
186 237
186 252
186 262
186 268
186 274
186 276
186 280
186 284
186 285
186 300
186 325
186 328
186 334
186 338
186 340
186 343
186 361
186 366
186 369
186 371
186 375
186 379
186 381
186 383
186 384
186 393
186 402
186 404
186 417
186 420
186 429
186 434
186 447
186 455
186 458
186 465
186 469
186 472
186 475
187 189
187 218
187 220
187 223
187 237
187 251
187 264
187 273
187 276
187 299
187 319
187 328
187 341
187 348
187 400
187 405
187 414
187 420
187 424
187 437
187 438
187 462
187 466
187 471
187 475
187 478
187 480
187 499
188 198
188 200
188 205
188 206
188 211
188 217
188 219
188 226
188 249
188 257
188 260
188 292
188 329
188 333
188 352
188 357
188 375
188 385
188 387
188 404
188 409
188 410
188 440
188 443
188 447
188 475
188 480
188 484
188 488
188 492
189 198
189 204
189 216
189 224
189 231
189 264
189 267
189 322
189 330
189 331
189 349
189 353
189 374
189 424
189 449
189 463
189 469
189 484
189 485
189 487
189 499
190 192
190 200
190 205
190 216
190 244
190 259
190 265
190 273
190 282
190 295
190 302
190 311
190 319
190 348
190 359
190 364
190 400
190 401
190 406
190 413
190 426
190 427
190 428
190 430
190 435
190 454
190 455
190 472
190 478
190 481
190 490
191 193
191 202
191 207
191 215
191 223
191 226
191 230
191 237
191 241
191 276
191 279
191 288
191 298
191 303
191 332
191 354
191 374
191 380
191 389
191 415
191 423
191 448
191 450
191 452
191 453
191 465
191 474
191 479
191 482
191 485
191 486
191 492
191 498
192 198
192 205
192 213
192 221
192 224
192 231
192 242
192 253
192 256
192 275
192 308
192 319
192 335
192 354
192 375
192 401
192 431
192 442
192 448
192 496
193 208
193 221
193 232
193 266
193 287
193 289
193 305
193 319
193 320
193 326
193 327
193 336
193 338
193 346
193 361
193 371
193 376
193 380
193 402
193 405
193 410
193 415
193 416
193 421
193 422
193 456
193 487
193 490
193 496
193 498
194 220
194 221
194 245
194 263
194 267
194 276
194 285
194 289
194 294
194 304
194 313
194 315
194 316
194 320
194 321
194 335
194 378
194 380
194 401
194 404
194 405
194 426
194 430
194 438
194 446
194 458
194 467
194 469
194 487
194 488
194 491
195 218
195 233
195 244
195 260
195 269
195 310
195 328
195 349
195 357
195 364
195 367
195 368
195 384
195 391
195 392
195 404
195 408
195 417
195 419
195 427
195 433
195 446
195 455
195 456
195 463
195 468
195 473
195 476
195 481
195 491
195 499
196 200
196 211
196 216
196 233
196 234
196 256
196 258
196 259
196 284
196 295
196 298
196 305
196 322
196 323
196 326
196 333
196 344
196 356
196 358
196 365
196 376
196 412
196 417
196 427
196 437
196 438
196 475
196 489
196 496
197 208
197 225
197 228
197 230
197 236
197 254
197 276
197 279
197 282
197 290
197 303
197 317
197 328
197 334
197 342
197 382
197 385
197 411
197 429
197 451
197 459
197 477
198 210
198 218
198 234
198 237
198 239
198 242
198 251
198 268
198 278
198 286
198 296
198 305
198 307
198 310
198 318
198 321
198 327
198 354
198 366
198 378
198 389
198 398
198 403
198 410
198 413
198 421
198 429
198 435
198 439
198 444
198 468
198 487
198 489
198 493
198 495
198 497
198 498
199 201
199 222
199 281
199 285
199 288
199 298
199 303
199 309
199 310
199 311
199 321
199 331
199 335
199 357
199 377
199 400
199 410
199 412
199 457
199 482
200 202
200 205
200 223
200 226
200 231
200 246
200 252
200 271
200 277
200 299
200 315
200 318
200 331
200 342
200 364
200 368
200 386
200 394
200 399
200 400
200 403
200 411
200 412
200 414
200 421
200 438
200 440
200 465
200 482
200 488
201 208
201 209
201 215
201 218
201 222
201 223
201 226
201 250
201 261
201 265
201 273
201 282
201 291
201 298
201 312
201 319
201 346
201 349
201 351
201 358
201 397
201 403
201 407
201 408
201 420
201 429
201 432
201 453
201 458
201 459
201 462
201 469
201 485
202 229
202 246
202 247
202 249
202 258
202 265
202 268
202 283
202 288
202 295
202 303
202 306
202 309
202 310
202 321
202 344
202 349
202 382
202 389
202 390
202 405
202 407
202 418
202 446
202 448
202 453
202 467
202 476
202 477
202 496
203 204
203 215
203 218
203 223
203 243
203 246
203 247
203 259
203 281
203 286
203 297
203 312
203 323
203 331
203 348
203 352
203 356
203 366
203 375
203 383
203 385
203 394
203 415
203 416
203 418
203 424
203 430
203 434
203 443
203 458
203 470
203 493
203 494
203 496
203 497
204 208
204 240
204 267
204 271
204 272
204 289
204 291
204 292
204 303
204 315
204 338
204 339
204 350
204 366
204 369
204 373
204 386
204 391
204 413
204 426
204 433
204 445
204 446
204 471
204 472
204 478
204 489
204 494
204 496
205 224
205 229
205 245
205 249
205 254
205 256
205 265
205 269
205 270
205 275
205 294
205 313
205 319
205 322
205 334
205 337
205 344
205 359
205 381
205 392
205 400
205 406
205 412
205 418
205 436
205 441
205 445
205 450
205 452
205 458
205 467
205 482
205 487
205 491
206 230
206 234
206 240
206 241
206 290
206 307
206 309
206 311
206 334
206 343
206 347
206 358
206 359
206 364
206 366
206 384
206 417
206 427
206 440
206 456
206 471
206 478
206 497
207 208
207 211
207 221
207 225
207 237
207 243
207 247
207 248
207 253
207 264
207 287
207 288
207 304
207 322
207 364
207 382
207 387
207 401
207 408
207 416
207 425
207 426
207 452
207 467
207 490
207 496
207 499
208 215
208 220
208 238
208 248
208 250
208 251
208 257
208 296
208 298
208 305
208 311
208 315
208 319
208 321
208 325
208 327
208 335
208 349
208 355
208 369
208 401
208 402
208 413
208 418
208 446
208 485
208 491
208 493
208 496
209 222
209 227
209 229
209 252
209 287
209 288
209 290
209 291
209 303
209 304
209 306
209 319
209 324
209 328
209 338
209 340
209 354
209 360
209 372
209 376
209 380
209 383
209 385
209 424
209 429
209 449
209 454
209 456
209 473
209 484
209 490
209 494
209 499
210 211
210 213
210 243
210 245
210 247
210 262
210 275
210 277
210 287
210 295
210 297
210 302
210 304
210 306
210 307
210 309
210 337
210 341
210 343
210 355
210 383
210 384
210 389
210 396
210 423
210 451
210 468
210 473
210 480
211 220
211 222
211 232
211 233
211 267
211 268
211 273
211 279
211 284
211 317
211 338
211 344
211 345
211 354
211 365
211 367
211 373
211 382
211 414
211 415
211 425
211 439
211 452
211 461
211 464
211 466
211 473
211 481
211 494
212 228
212 231
212 261
212 273
212 279
212 281
212 282
212 300
212 318
212 341
212 350
212 354
212 365
212 367
212 383
212 395
212 406
212 412
212 413
212 417
212 441
212 459
212 464
212 476
213 219
213 236
213 239
213 249
213 263
213 269
213 279
213 288
213 322
213 333
213 343
213 360
213 388
213 394
213 398
213 400
213 403
213 406
213 412
213 413
213 419
213 429
213 485
213 497
214 231
214 234
214 237
214 243
214 249
214 256
214 257
214 264
214 278
214 288
214 294
214 310
214 320
214 323
214 331
214 345
214 346
214 358
214 359
214 366
214 369
214 376
214 378
214 384
214 421
214 427
214 436
214 457
214 458
214 459
214 468
214 488
214 498
215 216
215 244
215 251
215 253
215 258
215 266
215 292
215 296
215 301
215 310
215 320
215 324
215 333
215 336
215 348
215 364
215 369
215 371
215 393
215 405
215 414
215 419
215 424
215 440
215 447
215 450
215 463
215 468
215 477
216 224
216 263
216 291
216 295
216 297
216 312
216 326
216 335
216 360
216 378
216 397
216 400
216 412
216 422
216 435
216 483
217 226
217 228
217 235
217 238
217 239
217 242
217 251
217 266
217 273
217 279
217 290
217 306
217 325
217 386
217 401
217 412
217 414
217 421
217 428
217 430
217 436
217 447
217 455
217 477
217 491
218 231
218 237
218 265
218 268
218 282
218 283
218 292
218 294
218 297
218 303
218 306
218 319
218 325
218 344
218 363
218 372
218 379
218 384
218 394
218 397
218 410
218 416
218 424
218 428
218 432
218 443
218 453
218 456
218 475
218 479
218 481
218 487
219 222
219 229
219 234
219 236
219 267
219 270
219 289
219 298
219 299
219 313
219 315
219 321
219 324
219 331
219 338
219 339
219 349
219 352
219 359
219 374
219 392
219 402
219 415
219 418
219 438
219 448
219 457
219 462
219 485
220 241
220 243
220 244
220 245
220 254
220 278
220 296
220 303
220 304
220 314
220 321
220 325
220 347
220 376
220 384
220 389
220 390
220 397
220 404
220 407
220 413
220 415
220 419
220 421
220 423
220 431
220 434
220 458
220 461
220 474
220 478
220 484
220 490
221 223
221 231
221 242
221 247
221 258
221 275
221 281
221 284
221 308
221 311
221 316
221 318
221 327
221 344
221 345
221 367
221 384
221 400
221 401
221 405
221 412
221 442
221 447
221 461
221 462
221 465
221 475
221 477
221 483
222 226
222 253
222 260
222 266
222 268
222 273
222 274
222 278
222 279
222 287
222 292
222 293
222 322
222 325
222 327
222 333
222 340
222 341
222 352
222 395
222 398
222 404
222 406
222 409
222 423
222 429
222 452
222 457
222 458
222 460
222 485
223 230
223 232
223 235
223 239
223 242
223 259
223 276
223 279
223 285
223 291
223 297
223 306
223 314
223 327
223 332
223 336
223 341
223 345
223 352
223 374
223 387
223 392
223 412
223 415
223 433
223 442
223 471
223 473
223 498
224 251
224 253
224 258
224 266
224 275
224 287
224 292
224 293
224 297
224 307
224 323
224 329
224 357
224 367
224 372
224 389
224 391
224 399
224 415
224 429
224 447
224 457
224 464
224 476
225 232
225 234
225 236
225 243
225 249
225 259
225 281
225 293
225 296
225 298
225 304
225 311
225 329
225 335
225 337
225 341
225 365
225 374
225 377
225 384
225 387
225 397
225 400
225 402
225 403
225 407
225 419
225 420
225 427
225 432
225 439
225 442
225 455
225 467
225 469
225 470
225 483
225 487
225 489
226 229
226 231
226 249
226 254
226 266
226 271
226 311
226 326
226 327
226 342
226 351
226 359
226 366
226 368
226 372
226 376
226 390
226 400
226 416
226 426
226 433
226 436
226 463
226 473
226 474
226 477
227 237
227 241
227 272
227 274
227 281
227 283
227 289
227 299
227 306
227 347
227 350
227 355
227 360
227 387
227 390
227 397
227 412
227 423
227 425
227 437
227 476
227 480
228 236
228 245
228 246
228 267
228 275
228 281
228 283
228 300
228 305
228 318
228 348
228 349
228 373
228 380
228 389
228 396
228 412
228 417
228 427
228 434
228 436
228 438
228 441
228 442
228 443
228 444
228 448
228 449
228 454
228 456
228 464
228 476
228 493
228 496
229 232
229 236
229 239
229 240
229 242
229 244
229 271
229 290
229 293
229 298
229 310
229 322
229 327
229 328
229 329
229 341
229 361
229 378
229 387
229 416
229 420
229 447
229 449
229 452
229 454
229 472
229 484
229 493
230 231
230 233
230 255
230 263
230 267
230 268
230 274
230 283
230 288
230 292
230 294
230 305
230 312
230 341
230 342
230 344
230 345
230 367
230 393
230 400
230 436
230 438
230 442
230 450
230 468
230 481
230 488
231 234
231 261
231 282
231 289
231 295
231 312
231 323
231 336
231 339
231 342
231 344
231 347
231 382
231 384
231 385
231 393
231 399
231 406
231 429
231 430
231 433
231 458
231 459
231 465
231 477
231 479
231 482
231 488
231 496
232 245
232 248
232 254
232 264
232 274
232 278
232 280
232 285
232 289
232 291
232 309
232 331
232 346
232 354
232 357
232 377
232 378
232 384
232 396
232 405
232 407
232 424
232 446
232 461
232 482
232 484
232 496
233 235
233 259
233 264
233 279
233 286
233 304
233 346
233 365
233 368
233 369
233 373
233 399
233 400
233 403
233 404
233 420
233 423
233 434
233 436
233 453
233 461
233 473
233 474
233 488
233 490
233 491
233 494
234 239
234 241
234 243
234 249
234 261
234 272
234 274
234 301
234 316
234 318
234 320
234 323
234 326
234 339
234 341
234 358
234 359
234 361
234 378
234 388
234 417
234 434
234 438
234 449
234 469
234 472
234 493
234 496
234 497
235 259
235 277
235 289
235 306
235 315
235 324
235 328
235 346
235 354
235 363
235 375
235 377
235 386
235 409
235 417
235 435
235 457
235 465
235 466
235 472
235 481
235 491
235 493
236 238
236 247
236 257
236 261
236 272
236 276
236 283
236 288
236 297
236 308
236 323
236 325
236 331
236 343
236 345
236 355
236 357
236 358
236 381
236 388
236 391
236 399
236 406
236 411
236 420
236 428
236 431
236 484
236 486
236 487
237 243
237 256
237 264
237 288
237 292
237 294
237 301
237 302
237 323
237 333
237 338
237 352
237 366
237 394
237 403
237 405
237 411
237 425
237 429
237 457
237 460
237 461
237 471
237 477
237 478
237 483
238 239
238 258
238 262
238 263
238 266
238 278
238 291
238 293
238 305
238 338
238 342
238 349
238 356
238 359
238 363
238 374
238 382
238 386
238 391
238 440
238 450
238 463
238 473
238 483
238 487
238 489
239 241
239 243
239 244
239 256
239 270
239 272
239 274
239 283
239 293
239 294
239 297
239 314
239 322
239 323
239 325
239 337
239 342
239 353
239 357
239 381
239 403
239 409
239 416
239 417
239 452
239 457
239 471
239 475
239 477
239 491
239 495
239 496
239 499
240 250
240 276
240 283
240 290
240 325
240 330
240 337
240 345
240 374
240 383
240 392
240 394
240 399
240 413
240 418
240 442
240 447
240 461
240 467
240 482
240 487
240 490
240 494
241 259
241 266
241 276
241 278
241 299
241 302
241 316
241 324
241 343
241 361
241 364
241 375
241 383
241 387
241 399
241 402
241 420
241 434
241 457
241 468
242 269
242 286
242 297
242 300
242 302
242 303
242 311
242 329
242 333
242 344
242 373
242 380
242 383
242 385
242 400
242 410
242 412
242 416
242 440
242 446
242 470
242 472
242 485
242 494
243 263
243 274
243 293
243 303
243 311
243 312
243 320
243 325
243 327
243 328
243 332
243 345
243 346
243 352
243 356
243 358
243 369
243 399
243 414
243 429
243 435
243 459
243 480
244 246
244 250
244 301
244 302
244 306
244 309
244 311
244 315
244 319
244 323
244 343
244 352
244 357
244 359
244 393
244 403
244 404
244 414
244 428
244 431
244 435
244 442
244 449
244 463
244 469
244 481
244 497
245 261
245 271
245 279
245 284
245 312
245 313
245 320
245 341
245 345
245 352
245 390
245 391
245 412
245 422
245 481
245 490
246 257
246 262
246 271
246 273
246 279
246 296
246 297
246 303
246 310
246 336
246 363
246 366
246 390
246 399
246 409
246 422
246 429
246 435
246 440
246 471
246 487
247 264
247 267
247 271
247 278
247 312
247 314
247 319
247 329
247 332
247 350
247 385
247 393
247 404
247 410
247 433
247 438
247 451
247 458
247 462
247 470
247 479
247 486
247 491
248 256
248 260
248 262
248 272
248 287
248 292
248 293
248 295
248 296
248 364
248 370
248 384
248 385
248 395
248 401
248 408
248 431
248 433
248 443
248 453
248 454
248 467
248 469
248 470
248 497
249 256
249 295
249 310
249 313
249 314
249 338
249 344
249 352
249 369
249 386
249 388
249 396
249 399
249 401
249 402
249 417
249 418
249 419
249 435
249 438
249 463
249 469
249 472
249 488
250 267
250 287
250 299
250 300
250 307
250 318
250 320
250 329
250 330
250 337
250 350
250 354
250 360
250 366
250 368
250 388
250 394
250 419
250 431
250 445
250 454
250 460
250 483
250 499
251 255
251 260
251 309
251 352
251 387
251 389
251 408
251 411
251 413
251 420
251 429
251 430
251 443
251 451
251 455
251 458
251 459
251 468
251 476
251 482
251 483
251 486
251 494
252 270
252 278
252 279
252 286
252 295
252 297
252 326
252 329
252 331
252 336
252 339
252 361
252 362
252 363
252 368
252 371
252 420
252 424
252 437
252 440
252 443
252 460
252 461
252 476
252 478
252 488
252 494
252 499
253 262
253 281
253 284
253 292
253 299
253 322
253 333
253 341
253 348
253 386
253 394
253 395
253 397
253 415
253 418
253 435
253 441
253 442
253 452
253 463
253 464
253 474
253 481
253 490
254 255
254 267
254 269
254 302
254 305
254 327
254 328
254 340
254 361
254 372
254 392
254 406
254 410
254 419
254 426
254 434
254 458
254 480
254 483
254 487
254 489
255 263
255 265
255 273
255 281
255 293
255 294
255 295
255 308
255 309
255 320
255 322
255 327
255 342
255 372
255 382
255 385
255 398
255 415
255 418
255 419
255 428
255 436
255 438
255 447
255 451
255 460
255 462
255 463
255 488
255 491
255 495
256 257
256 286
256 288
256 329
256 334
256 346
256 348
256 368
256 381
256 393
256 396
256 399
256 418
256 430
256 445
256 449
256 461
256 463
256 487
256 489
256 490
256 491
256 497
257 267
257 302
257 305
257 326
257 339
257 346
257 352
257 357
257 358
257 362
257 368
257 373
257 381
257 386
257 388
257 400
257 402
257 411
257 414
257 417
257 426
257 430
257 449
257 466
257 495
258 259
258 316
258 325
258 326
258 333
258 339
258 342
258 356
258 360
258 378
258 391
258 395
258 411
258 415
258 468
258 478
258 487
259 265
259 267
259 278
259 300
259 313
259 318
259 325
259 367
259 379
259 383
259 389
259 398
259 406
259 413
259 415
259 418
259 420
259 428
259 430
259 435
259 444
259 446
259 449
259 470
259 471
259 474
259 481
259 489
259 498
260 284
260 295
260 299
260 307
260 308
260 312
260 313
260 323
260 357
260 364
260 372
260 402
260 406
260 416
260 423
260 430
260 456
260 458
260 462
260 484
260 486
261 263
261 281
261 283
261 331
261 332
261 336
261 354
261 365
261 375
261 377
261 388
261 389
261 395
261 410
261 417
261 420
261 423
261 424
261 438
261 464
261 472
261 485
261 488
261 493
262 269
262 277
262 291
262 294
262 298
262 306
262 308
262 321
262 329
262 331
262 343
262 345
262 350
262 357
262 362
262 368
262 375
262 384
262 407
262 414
262 426
262 431
262 438
262 445
262 467
262 482
262 484
262 489
262 498
263 270
263 283
263 305
263 315
263 319
263 321
263 356
263 377
263 382
263 405
263 408
263 439
263 443
263 447
263 457
263 459
263 466
263 472
263 475
263 477
264 265
264 273
264 290
264 293
264 297
264 303
264 305
264 389
264 404
264 407
264 415
264 418
264 435
264 462
264 463
264 471
265 270
265 289
265 311
265 313
265 318
265 322
265 328
265 329
265 336
265 347
265 359
265 366
265 369
265 374
265 408
265 437
265 448
265 455
265 487
265 492
266 267
266 284
266 293
266 316
266 333
266 336
266 342
266 348
266 350
266 373
266 395
266 396
266 401
266 413
266 431
266 437
266 438
266 446
266 454
266 467
266 471
266 487
266 488
267 269
267 270
267 275
267 292
267 299
267 307
267 312
267 333
267 343
267 348
267 367
267 380
267 385
267 418
267 424
267 433
267 437
267 443
267 481
268 275
268 283
268 306
268 310
268 325
268 336
268 349
268 366
268 368
268 374
268 375
268 390
268 407
268 411
268 429
268 433
268 443
268 446
268 458
268 482
268 483
268 491
268 499
269 274
269 286
269 301
269 314
269 323
269 325
269 326
269 328
269 334
269 338
269 352
269 363
269 367
269 377
269 405
269 406
269 424
269 428
269 452
269 456
269 462
270 286
270 292
270 294
270 313
270 319
270 326
270 339
270 344
270 352
270 374
270 384
270 392
270 403
270 411
270 416
270 423
270 424
270 432
270 450
270 458
270 464
270 478
270 483
270 484
270 491
271 279
271 280
271 284
271 300
271 319
271 323
271 326
271 330
271 331
271 336
271 339
271 349
271 354
271 357
271 359
271 373
271 376
271 380
271 381
271 436
271 449
271 467
271 470
271 476
271 477
272 284
272 287
272 291
272 293
272 295
272 296
272 300
272 302
272 304
272 305
272 322
272 327
272 336
272 337
272 344
272 381
272 387
272 388
272 412
272 415
272 421
272 426
272 433
272 448
272 466
272 493
273 275
273 306
273 314
273 319
273 343
273 344
273 345
273 346
273 384
273 391
273 393
273 395
273 403
273 404
273 438
273 444
273 445
273 448
273 450
273 456
273 463
274 276
274 286
274 294
274 310
274 318
274 323
274 336
274 344
274 345
274 349
274 358
274 364
274 394
274 410
274 441
274 445
274 455
274 470
274 491
274 499
275 292
275 302
275 322
275 324
275 326
275 329
275 333
275 352
275 372
275 374
275 376
275 387
275 388
275 397
275 405
275 426
275 427
275 434
275 452
275 471
275 476
275 487
276 282
276 293
276 301
276 309
276 314
276 320
276 332
276 335
276 336
276 356
276 363
276 366
276 367
276 386
276 388
276 390
276 434
276 436
276 441
276 445
276 471
276 473
276 476
277 280
277 326
277 334
277 339
277 341
277 343
277 344
277 348
277 351
277 357
277 358
277 364
277 365
277 375
277 399
277 411
277 415
277 421
277 422
277 441
277 445
278 298
278 311
278 319
278 334
278 354
278 356
278 357
278 361
278 374
278 390
278 393
278 412
278 420
278 426
278 431
278 441
278 447
278 456
278 482
278 483
278 488
278 492
279 283
279 301
279 302
279 304
279 310
279 311
279 317
279 327
279 329
279 344
279 347
279 348
279 349
279 351
279 363
279 374
279 384
279 385
279 425
279 431
279 438
279 447
279 472
279 485
279 495
280 292
280 299
280 327
280 334
280 341
280 354
280 359
280 366
280 386
280 389
280 393
280 399
280 416
280 418
280 421
280 433
280 436
280 454
280 470
281 285
281 295
281 323
281 327
281 333
281 336
281 340
281 355
281 356
281 393
281 397
281 408
281 412
281 419
281 432
281 434
281 443
281 448
281 458
281 459
281 491
281 498
282 293
282 296
282 301
282 309
282 313
282 316
282 342
282 356
282 359
282 369
282 386
282 393
282 404
282 424
282 443
282 446
282 455
282 458
282 476
282 483
283 300
283 328
283 329
283 339
283 348
283 352
283 362
283 393
283 399
283 402
283 404
283 406
283 408
283 412
283 417
283 425
283 436
283 467
283 469
283 475
283 486
284 294
284 300
284 306
284 328
284 332
284 348
284 351
284 353
284 367
284 379
284 382
284 390
284 394
284 429
284 456
284 477
284 486
285 287
285 291
285 297
285 308
285 319
285 320
285 325
285 327
285 336
285 351
285 354
285 360
285 366
285 372
285 383
285 409
285 428
285 431
285 443
285 448
285 450
285 467
285 469
285 497
285 498
286 287
286 299
286 302
286 309
286 315
286 356
286 364
286 368
286 378
286 385
286 391
286 414
286 424
286 426
286 430
286 440
286 445
286 463
286 464
286 468
287 292
287 296
287 297
287 303
287 326
287 329
287 347
287 350
287 351
287 355
287 383
287 391
287 394
287 416
287 418
287 424
287 426
287 448
287 451
287 454
287 457
287 462
287 470
287 485
288 302
288 316
288 320
288 336
288 338
288 345
288 383
288 394
288 400
288 404
288 417
288 426
288 438
288 454
288 466
288 468
288 475
288 485
288 490
289 294
289 320
289 324
289 325
289 340
289 347
289 359
289 361
289 379
289 380
289 382
289 383
289 390
289 399
289 400
289 408
289 410
289 418
289 425
289 430
289 439
289 441
289 455
289 456
289 463
289 469
289 470
289 479
290 294
290 295
290 302
290 305
290 313
290 343
290 352
290 365
290 380
290 420
290 431
290 433
290 439
290 447
290 453
290 460
290 480
290 488
290 499
291 295
291 313
291 323
291 335
291 340
291 342
291 345
291 351
291 364
291 381
291 388
291 394
291 401
291 412
291 413
291 414
291 417
291 432
291 473
292 333
292 347
292 350
292 364
292 373
292 391
292 393
292 406
292 416
292 417
292 433
292 438
292 462
292 465
292 495
292 499
293 294
293 296
293 298
293 318
293 319
293 321
293 326
293 327
293 339
293 363
293 366
293 375
293 385
293 404
293 406
293 430
293 431
293 452
293 462
293 463
293 498
294 301
294 336
294 341
294 349
294 351
294 357
294 374
294 386
294 395
294 405
294 429
294 434
294 439
294 449
294 457
294 465
294 476
294 478
294 485
294 497
295 301
295 312
295 348
295 355
295 372
295 409
295 413
295 418
295 461
295 483
296 304
296 305
296 320
296 351
296 352
296 363
296 368
296 373
296 384
296 401
296 405
296 426
296 428
296 451
296 454
296 462
296 472
296 474
296 483
296 487
297 332
297 333
297 335
297 340
297 354
297 357
297 368
297 373
297 383
297 391
297 401
297 406
297 418
297 423
297 429
297 453
297 465
297 468
297 472
297 478
298 301
298 310
298 324
298 351
298 354
298 372
298 374
298 398
298 418
298 450
298 455
298 475
298 482
298 487
298 494
299 320
299 323
299 332
299 339
299 355
299 362
299 372
299 376
299 383
299 391
299 394
299 405
299 417
299 419
299 421
299 424
299 427
299 456
299 460
299 475
300 301
300 320
300 332
300 343
300 354
300 358
300 364
300 365
300 373
300 375
300 409
300 423
300 424
300 440
300 444
300 458
300 464
300 477
300 481
300 488
300 493
300 498
301 316
301 321
301 327
301 335
301 342
301 365
301 374
301 396
301 398
301 409
301 410
301 446
301 452
301 453
301 463
301 468
302 362
302 363
302 365
302 368
302 375
302 411
302 424
302 431
302 433
302 443
302 446
302 465
302 487
302 496
302 498
303 304
303 336
303 338
303 359
303 375
303 402
303 407
303 415
303 423
303 424
303 429
303 433
303 436
303 448
303 462
303 471
303 480
304 321
304 345
304 347
304 364
304 371
304 386
304 399
304 401
304 417
304 419
304 424
304 432
304 434
304 437
304 445
304 447
304 469
304 496
305 316
305 320
305 327
305 349
305 353
305 380
305 386
305 416
305 427
305 438
305 440
305 451
305 466
305 467
305 470
305 490
306 307
306 308
306 326
306 342
306 348
306 351
306 357
306 358
306 387
306 394
306 397
306 408
306 418
306 424
306 428
306 436
306 448
306 460
306 487
306 493
307 315
307 328
307 335
307 343
307 352
307 358
307 359
307 362
307 363
307 373
307 379
307 392
307 396
307 406
307 417
307 427
307 428
307 454
307 461
307 468
307 470
307 473
307 483
307 493
307 496
308 312
308 314
308 316
308 326
308 360
308 367
308 376
308 390
308 406
308 414
308 420
308 432
308 446
308 450
308 456
308 457
308 458
308 461
308 492
308 495
308 497
309 310
309 313
309 353
309 367
309 377
309 404
309 409
309 411
309 445
309 457
309 467
309 470
309 477
309 479
309 480
309 492
310 338
310 339
310 356
310 364
310 382
310 383
310 384
310 390
310 417
310 427
310 432
310 451
310 452
310 454
310 456
310 461
310 474
310 481
310 483
311 312
311 318
311 327
311 328
311 342
311 358
311 368
311 387
311 392
311 394
311 395
311 402
311 419
311 423
311 425
311 459
311 471
311 479
311 493
312 319
312 322
312 323
312 338
312 345
312 357
312 391
312 393
312 399
312 404
312 410
312 440
312 450
312 469
312 494
312 495
312 499
313 314
313 327
313 329
313 359
313 365
313 367
313 373
313 374
313 391
313 402
313 434
313 450
313 459
313 466
313 468
313 469
313 470
313 484
313 492
313 495
313 496
314 331
314 332
314 342
314 349
314 357
314 362
314 391
314 397
314 401
314 407
314 423
314 444
314 447
314 455
314 460
314 466
314 480
314 481
315 317
315 322
315 323
315 328
315 333
315 350
315 357
315 361
315 364
315 393
315 400
315 407
315 412
315 418
315 419
315 424
315 446
315 454
315 455
315 458
315 477
315 484
315 492
315 495
316 320
316 350
316 352
316 360
316 368
316 384
316 387
316 396
316 415
316 425
316 438
316 440
316 442
316 443
316 448
316 450
316 465
316 475
317 319
317 320
317 338
317 339
317 346
317 351
317 364
317 368
317 391
317 392
317 395
317 396
317 404
317 430
317 437
317 451
317 463
317 464
317 479
317 483
317 486
317 487
317 490
318 336
318 338
318 339
318 349
318 356
318 406
318 407
318 410
318 413
318 431
318 443
318 468
318 474
318 476
318 480
319 334
319 338
319 399
319 404
319 424
319 429
319 440
319 443
319 458
319 480
320 321
320 322
320 326
320 332
320 343
320 345
320 372
320 388
320 395
320 397
320 398
320 403
320 409
320 425
320 440
320 441
320 449
320 464
320 476
320 492
320 496
321 322
321 331
321 336
321 342
321 367
321 382
321 392
321 393
321 422
321 428
321 442
321 447
321 452
321 454
321 456
321 471
321 494
321 498
322 327
322 333
322 343
322 347
322 366
322 374
322 393
322 400
322 417
322 424
322 426
322 427
322 439
322 448
322 456
322 457
322 459
322 464
322 465
322 467
322 472
322 478
322 482
323 325
323 339
323 340
323 345
323 370
323 379
323 389
323 390
323 410
323 416
323 421
323 440
323 442
323 443
323 444
323 447
323 449
323 458
323 472
323 476
323 482
323 483
324 328
324 332
324 351
324 359
324 364
324 387
324 405
324 407
324 451
324 454
324 460
325 358
325 366
325 372
325 391
325 396
325 437
325 440
325 445
325 448
325 449
325 457
325 459
325 467
325 472
325 495
325 498
326 352
326 359
326 363
326 380
326 391
326 395
326 401
326 413
326 430
326 444
326 448
326 449
326 452
326 470
326 474
326 478
326 484
326 485
326 487
326 495
327 331
327 339
327 345
327 357
327 381
327 386
327 413
327 414
327 416
327 424
327 429
327 485
327 490
328 338
328 344
328 352
328 354
328 363
328 368
328 372
328 396
328 401
328 412
328 417
328 432
328 446
328 449
328 452
328 453
328 457
328 462
328 470
328 482
328 491
329 344
329 401
329 408
329 416
329 419
329 426
329 440
329 446
329 451
329 458
329 473
329 478
329 495
330 334
330 341
330 343
330 364
330 368
330 373
330 376
330 381
330 385
330 427
330 428
330 433
330 445
330 458
330 465
330 474
330 475
330 495
331 339
331 353
331 363
331 368
331 373
331 375
331 378
331 379
331 383
331 395
331 402
331 408
331 411
331 414
331 418
331 437
331 442
331 445
331 461
331 472
331 498
332 353
332 398
332 410
332 413
332 435
332 445
332 449
332 450
332 451
332 455
332 457
332 476
332 487
332 489
332 493
332 498
333 338
333 345
333 360
333 370
333 386
333 414
333 419
333 424
333 435
333 445
333 450
333 463
333 492
334 381
334 383
334 389
334 398
334 404
334 405
334 443
334 444
334 453
334 457
334 460
334 468
334 477
335 338
335 344
335 373
335 377
335 393
335 398
335 410
335 411
335 414
335 422
335 427
335 428
335 437
335 438
335 439
335 445
335 463
335 478
335 497
336 337
336 342
336 357
336 374
336 393
336 397
336 421
336 431
336 435
336 450
336 451
336 459
336 463
336 466
336 474
336 497
337 342
337 346
337 352
337 362
337 374
337 379
337 381
337 385
337 392
337 394
337 395
337 449
337 463
337 471
337 472
337 475
337 485
338 341
338 342
338 348
338 351
338 363
338 369
338 370
338 371
338 372
338 376
338 380
338 383
338 418
338 420
338 452
338 453
338 456
338 458
338 481
338 483
339 354
339 363
339 394
339 415
339 422
339 423
339 427
339 429
339 448
339 454
339 459
339 467
339 480
339 484
340 343
340 351
340 404
340 406
340 416
340 421
340 422
340 449
340 469
340 493
340 497
341 342
341 343
341 354
341 360
341 363
341 366
341 368
341 393
341 410
341 458
341 464
341 467
341 470
341 475
341 492
342 344
342 358
342 362
342 371
342 381
342 383
342 388
342 400
342 403
342 407
342 433
342 443
342 445
342 453
342 457
342 459
342 460
342 461
342 473
342 482
342 492
342 499
343 354
343 367
343 378
343 381
343 382
343 386
343 397
343 402
343 404
343 407
343 420
343 423
343 424
343 432
343 436
343 437
343 461
343 468
343 477
343 479
343 485
343 491
344 345
344 353
344 361
344 367
344 370
344 391
344 392
344 417
344 419
344 422
344 423
344 449
344 461
344 466
344 470
344 478
345 347
345 348
345 349
345 351
345 355
345 387
345 412
345 413
345 435
345 443
345 467
345 481
345 482
345 497
346 349
346 356
346 360
346 376
346 379
346 385
346 403
346 406
346 419
346 422
346 423
346 437
346 438
346 442
346 443
346 445
346 453
346 456
346 458
346 489
347 374
347 409
347 410
347 422
347 436
347 437
347 441
347 456
347 458
347 473
347 476
347 480
347 487
348 356
348 361
348 362
348 368
348 392
348 396
348 402
348 409
348 415
348 424
348 434
348 436
348 473
348 480
349 350
349 376
349 388
349 389
349 417
349 439
349 450
349 453
349 457
349 464
349 465
349 466
349 493
349 496
349 498
350 374
350 427
350 436
350 487
351 365
351 378
351 386
351 396
351 398
351 409
351 421
351 442
351 445
351 456
351 490
351 491
351 495
352 377
352 378
352 385
352 390
352 396
352 414
352 436
352 439
352 441
352 443
352 451
352 459
352 493
352 496
353 366
353 368
353 372
353 377
353 386
353 402
353 405
353 412
353 429
353 431
353 440
353 454
353 466
353 468
353 469
353 471
354 364
354 368
354 380
354 381
354 395
354 423
354 425
354 444
354 445
354 457
354 478
354 484
354 487
355 356
355 358
355 365
355 367
355 379
355 381
355 390
355 396
355 397
355 414
355 428
355 431
355 463
355 464
355 482
355 485
355 487
356 363
356 371
356 384
356 392
356 394
356 411
356 420
356 421
356 433
356 440
356 452
356 458
356 476
356 483
356 494
356 495
357 383
357 386
357 407
357 434
357 435
357 452
357 468
357 477
357 483
357 486
357 488
357 492
357 499
358 391
358 396
358 398
358 415
358 419
358 426
358 441
358 444
358 456
358 460
358 466
358 471
358 485
358 486
358 494
358 496
358 499
359 390
359 399
359 404
359 406
359 410
359 412
359 419
359 433
359 439
359 442
359 444
359 447
359 449
359 456
359 479
359 490
359 496
360 364
360 371
360 384
360 399
360 408
360 409
360 416
360 428
360 431
360 448
360 470
360 471
360 476
360 477
360 480
361 366
361 386
361 387
361 399
361 411
361 413
361 468
361 489
362 368
362 374
362 388
362 389
362 395
362 406
362 409
362 410
362 414
362 417
362 432
362 438
362 439
362 442
362 451
362 453
362 466
362 474
362 480
362 492
363 365
363 367
363 369
363 404
363 408
363 414
363 418
363 428
363 438
363 462
363 472
363 480
363 485
364 371
364 372
364 405
364 437
364 445
364 457
364 475
364 486
364 489
364 498
365 367
365 375
365 386
365 431
365 441
365 442
365 444
365 447
365 457
365 460
365 487
365 490
366 374
366 380
366 381
366 391
366 400
366 407
366 415
366 432
366 456
366 459
366 478
366 479
366 483
366 485
366 493
367 371
367 372
367 381
367 410
367 413
367 415
367 418
367 420
367 425
367 432
367 443
367 454
367 459
367 476
367 484
368 384
368 385
368 391
368 399
368 404
368 414
368 421
368 431
368 435
368 459
368 462
368 471
368 498
369 374
369 382
369 400
369 419
369 423
369 432
369 437
369 447
369 451
369 459
369 463
369 466
370 418
370 440
370 443
370 444
370 484
370 485
370 488
370 494
370 499
371 374
371 382
371 384
371 418
371 424
371 428
371 430
371 437
371 438
371 441
371 442
371 446
371 452
371 460
371 477
371 487
371 497
372 375
372 404
372 407
372 411
372 417
372 422
372 450
372 453
372 458
372 471
372 474
372 480
372 482
373 375
373 380
373 384
373 398
373 400
373 417
373 450
373 455
373 457
373 461
373 463
373 471
373 472
373 479
373 483
373 485
373 498
374 377
374 381
374 386
374 402
374 405
374 413
374 419
374 427
374 429
374 431
374 439
374 475
374 477
374 482
374 493
375 390
375 404
375 412
375 434
375 467
375 475
375 486
375 487
375 493
376 397
376 407
376 425
376 428
376 449
376 462
376 499
377 378
377 390
377 394
377 395
377 406
377 424
377 433
377 474
377 477
377 482
377 493
377 499
378 387
378 391
378 446
378 451
378 467
378 470
378 479
378 481
379 382
379 386
379 397
379 403
379 410
379 430
379 433
379 448
379 449
379 455
379 467
379 471
379 474
379 492
380 388
380 402
380 420
380 434
380 439
380 443
380 445
380 447
380 448
380 460
380 465
380 468
380 470
380 476
380 477
380 478
380 496
381 391
381 398
381 401
381 402
381 425
381 445
381 449
381 457
382 388
382 400
382 414
382 415
382 421
382 426
382 452
382 475
382 489
382 495
382 499
383 386
383 396
383 412
383 416
383 420
383 427
383 444
383 447
383 453
383 458
383 466
383 470
383 473
383 476
383 485
383 490
383 497
384 394
384 395
384 401
384 402
384 440
384 441
384 449
384 456
384 466
384 468
384 478
385 386
385 399
385 404
385 406
385 414
385 415
385 439
385 442
385 454
385 461
385 462
385 466
385 471
385 475
385 479
385 490
385 499
386 388
386 389
386 407
386 413
386 422
386 449
386 462
386 474
386 488
386 499
387 400
387 410
387 413
387 430
387 453
387 466
387 469
387 482
387 494
388 390
388 391
388 400
388 409
388 421
388 431
388 435
388 469
388 485
388 491
388 498
389 390
389 430
389 444
389 452
389 471
389 489
389 494
390 395
390 396
390 397
390 400
390 402
390 406
390 409
390 411
390 412
390 420
390 426
390 441
390 452
390 459
390 472
390 490
391 405
391 424
391 438
391 462
391 464
391 483
391 490
391 494
392 398
392 422
392 423
392 442
392 447
392 448
392 482
392 490
392 498
393 418
393 420
393 425
393 428
393 440
393 444
393 447
393 449
393 450
393 451
393 467
393 471
393 475
393 486
393 494
393 496
394 395
394 396
394 398
394 400
394 425
394 444
394 462
394 482
394 491
394 494
395 400
395 414
395 425
395 455
395 456
395 457
395 499
396 401
396 404
396 417
396 459
396 460
396 468
396 474
396 475
396 483
396 499
397 402
397 424
397 435
397 467
397 485
397 490
397 498
398 421
398 433
398 434
398 435
398 437
398 446
398 450
398 454
398 474
398 485
399 403
399 404
399 419
399 431
399 433
399 434
399 439
399 441
399 446
399 453
399 456
399 458
399 498
400 401
400 407
400 413
400 455
400 467
400 480
401 408
401 411
401 415
401 420
401 424
401 427
401 431
401 438
401 439
401 440
401 451
401 461
401 463
401 477
401 484
402 405
402 417
402 422
402 432
402 441
402 466
402 472
402 477
403 412
403 419
403 423
403 432
403 465
403 467
404 431
404 444
404 448
404 459
404 463
404 469
404 476
404 495
405 431
405 435
405 452
405 466
405 470
405 479
406 410
406 420
406 421
406 428
406 433
406 445
406 479
406 493
406 495
407 419
407 434
407 437
407 439
407 469
407 481
407 497
408 411
408 416
408 449
408 451
409 411
409 412
409 421
409 422
409 423
409 432
409 438
409 441
409 453
409 461
409 469
409 472
409 483
409 492
410 419
410 428
410 431
410 435
410 438
410 447
410 450
410 456
410 467
410 476
410 478
410 486
410 488
410 490
410 495
411 419
411 422
411 478
411 479
412 428
412 438
412 447
412 455
412 459
412 462
412 470
412 477
412 480
412 493
413 415
413 418
413 428
413 444
413 447
413 454
413 490
413 492
414 415
414 418
414 420
414 425
414 432
414 436
414 441
414 455
414 456
414 466
414 472
414 477
414 478
414 492
415 419
415 439
415 443
415 453
415 463
415 464
415 468
415 478
415 482
415 489
415 493
415 497
416 420
416 428
416 438
416 443
416 447
416 449
416 456
416 466
416 481
417 459
417 475
417 498
418 422
418 435
418 444
418 475
418 496
419 431
419 443
419 449
419 456
419 472
419 498
420 422
420 447
420 453
420 454
420 461
420 482
420 491
420 497
420 498
421 429
421 438
421 449
421 452
421 475
421 477
421 483
421 495
421 497
422 442
422 459
422 462
422 477
422 487
423 437
423 438
423 448
423 455
424 439
424 446
424 457
424 486
424 498
425 439
425 443
425 462
425 464
425 468
425 472
425 477
425 495
425 496
425 498
426 430
426 452
426 454
426 459
426 479
426 487
426 489
426 492
427 436
427 461
427 487
428 435
428 437
428 443
428 454
428 460
428 461
428 483
428 495
429 436
429 443
429 446
429 457
429 464
429 466
429 468
429 471
429 483
430 445
430 450
430 457
430 459
430 462
430 477
430 483
430 494
431 458
431 475
431 497
432 437
432 453
432 454
432 466
432 471
432 478
432 499
433 446
433 448
433 460
433 466
433 497
434 446
434 448
434 452
434 461
434 472
434 478
434 481
434 485
434 486
434 488
434 489
434 495
435 444
435 455
435 464
435 475
435 489
435 499
436 450
436 451
436 458
436 459
436 460
436 474
436 480
436 498
437 441
437 467
437 476
437 477
437 485
437 489
437 492
438 445
438 448
438 477
438 481
438 486
438 490
438 493
438 498
439 443
439 466
439 480
439 492
440 461
440 487
440 490
440 493
441 446
441 449
441 451
441 464
441 481
441 494
442 451
442 456
442 458
442 463
442 479
442 482
442 485
442 486
442 499
443 447
443 455
443 465
443 474
443 486
443 490
444 448
444 461
444 467
444 480
444 484
444 497
444 498
445 459
445 461
445 468
445 477
445 495
445 497
446 458
446 460
446 467
447 460
447 482
447 494
447 496
448 450
448 459
448 461
448 465
448 469
448 493
448 494
449 457
449 467
449 477
449 480
449 481
449 492
449 495
449 499
450 462
450 463
450 467
450 490
450 494
450 496
451 452
451 456
451 466
451 475
451 479
451 485
452 454
452 479
452 496
452 498
453 456
453 461
453 471
453 493
453 494
454 476
454 482
454 486
454 487
454 497
455 456
455 459
455 464
455 468
455 477
455 478
455 484
456 493
457 464
457 469
457 479
457 480
458 475
458 476
458 479
458 480
458 488
458 489
458 495
458 497
459 462
459 468
459 487
459 489
460 467
461 468
461 469
461 477
462 480
462 490
462 493
463 467
463 472
463 473
464 468
464 473
464 484
465 468
465 471
465 476
465 487
465 494
466 473
466 493
466 498
468 486
468 489
469 470
469 479
470 472
470 492
470 494
471 479
471 496
472 476
472 479
472 487
472 489
473 493
474 475
474 485
474 487
475 482
476 487
476 493
476 495
476 499
477 478
477 484
477 493
478 485
478 486
478 488
478 498
479 487
479 494
480 483
481 488
481 492
481 496
482 485
482 494
483 486
484 498
485 489
485 499
486 497
487 489
487 490
487 498
489 490
490 491
